FET Vds-Id
VDS= 0 to 2 in 0.05 step
VG= 0 to 2 in 0.5 step
NO. VG VDS VS ID IS IG ISUB VSUB
 V V V A A A A V
1 0 0 0 3E-14 7E-14 -7.9E-13 4.3E-13 0
2 0 0.05 0 0 1.37E-12 1.33E-12 8.8E-13 0
3 0 0.1 0 2.4E-13 1.7E-12 6.7E-13 5.9E-13 0
4 0 0.15 0 2.8E-13 -2.2E-12 -1.38E-12 4.2E-13 0
5 0 0.2 0 1.9E-13 1.4E-13 1.09E-12 5.6E-13 0
6 0 0.25 0 3.5E-13 2.5E-13 -6.7E-13 1.9E-13 0
7 0 0.3 0 6E-13 -1E-14 -8.3E-13 -1E-14 0
8 0 0.35 0 9.6E-13 -1.91E-12 -1.9E-12 -1.7E-13 0
9 0 0.4 0 2E-12 2.27E-12 1.46E-12 -9.5E-13 0
10 0 0.45 0 3.65E-12 5.7E-13 1.5E-12 -2.77E-12 0
11 0 0.5 0 7.21E-12 2.43E-12 1.19E-12 -5.94E-12 0
12 0 0.55 0 1.497E-11 -1.1E-12 4.8E-13 -1.364E-11 0
13 0 0.6 0 3.119E-11 3.1E-13 -2.6E-13 -3.056E-11 0
14 0 0.65 0 6.836E-11 -2.92E-12 -3.24E-12 -6.771E-11 0
15 0 0.7 0 1.4951E-10 1.47E-12 7.5E-13 -1.4906E-10 0
16 0 0.75 0 3.2867E-10 3.99E-12 3.71E-12 -3.2687E-10 0
17 0 0.8 0 7.118E-10 1.72E-12 -4.6E-13 -7.0781E-10 0
18 0 0.85 0 1.52388E-09 3.25E-12 2.7E-12 -1.5071E-09 0
19 0 0.9 0 3.14618E-09 1E-12 -4.4E-13 -3.09432E-09 0
20 0 0.95 0 6.19123E-09 -2.2E-13 -1.47E-12 -6.07071E-09 0
21 0 1 0 1.14292E-08 5.5E-13 9.1E-13 -1.12564E-08 0
22 0 1.05 0 2.05399E-08 -3.13E-12 -2.82E-12 -2.00164E-08 0
23 0 1.1 0 3.47684E-08 -1.01E-12 -1.7E-13 -3.36851E-08 0
24 0 1.15 0 5.52112E-08 2.29E-12 1.32E-12 -5.39581E-08 0
25 0 1.2 0 8.40493E-08 -8E-14 -1.1E-13 -8.21936E-08 0
26 0 1.25 0 1.19929E-07 -4.7E-13 4.8E-13 -1.16782E-07 0
27 0 1.3 0 1.69657E-07 5.6E-13 8E-14 -1.65968E-07 0
28 0 1.35 0 2.35374E-07 -1.3E-13 -4.7E-13 -2.29996E-07 0
29 0 1.4 0 3.20282E-07 -1.4E-13 1.42E-12 -3.13489E-07 0
30 0 1.45 0 4.29967E-07 -1.38E-12 -7.5E-13 -4.17289E-07 0
31 0 1.5 0 5.65966E-07 -1.34E-12 -1.62E-12 -5.55144E-07 0
32 0 1.55 0 7.4687E-07 -8.9E-13 3.6E-13 -7.28984E-07 0
33 0 1.6 0 9.74859E-07 -8.6E-13 -5.3E-13 -9.48369E-07 0
34 0 1.65 0 1.19923E-06 -2.36E-12 -1.35E-12 -1.15946E-06 0
35 0 1.7 0 1.532E-06 -1.69E-12 -1.37E-12 -1.50264E-06 0
36 0 1.75 0 1.96395E-06 -1.1E-13 -2.9E-13 -1.91035E-06 0
37 0 1.8 0 2.47511E-06 -7.9E-13 -9.7E-13 -2.41088E-06 0
38 0 1.85 0 3.08815E-06 -2.97E-12 -7.4E-13 -2.99095E-06 0
39 0 1.9 0 3.79981E-06 -4.2E-13 2E-14 -3.69013E-06 0
40 0 1.95 0 4.64626E-06 2.5E-13 1.6E-13 -4.49786E-06 0
41 0 2 0 5.59873E-06 1.42E-12 3.73E-12 -5.40973E-06 0
42 0 2 0 5.36037E-06 -3.46E-12 -1.75E-12 -5.23845E-06 0
43 0 1.95 0 4.11592E-06 -6.02E-12 -4.97E-12 -4.07693E-06 0
44 0 1.9 0 3.17563E-06 2.35E-12 1.01E-12 -3.15466E-06 0
45 0 1.85 0 2.43019E-06 7.9E-13 1.42E-12 -2.42705E-06 0
46 0 1.8 0 1.84958E-06 -7E-14 1.87E-12 -1.84598E-06 0
47 0 1.75 0 1.39297E-06 -1.23E-12 -1.86E-12 -1.39658E-06 0
48 0 1.7 0 1.03868E-06 9.4E-13 -9E-14 -1.04293E-06 0
49 0 1.65 0 7.65844E-07 -2.06E-12 8.6E-13 -7.70738E-07 0
50 0 1.6 0 5.60437E-07 1.02E-12 2.35E-12 -5.63945E-07 0
51 0 1.55 0 4.05013E-07 -7.91E-12 -6.51E-12 -4.0711E-07 0
52 0 1.5 0 2.83516E-07 2.28E-12 -3.2E-13 -2.84899E-07 0
53 0 1.45 0 1.98772E-07 3.13E-12 5.55E-12 -1.99862E-07 0
54 0 1.4 0 1.36654E-07 -1.76E-12 -1.18E-12 -1.37919E-07 0
55 0 1.35 0 9.20329E-08 -1.86E-12 -2.06E-12 -9.24646E-08 0
56 0 1.3 0 5.97073E-08 1.4E-13 5E-13 -6.01546E-08 0
57 0 1.25 0 3.75671E-08 -1.85E-12 -1.27E-12 -3.79481E-08 0
58 0 1.2 0 2.28387E-08 1.14E-12 -2.81E-12 -2.30432E-08 0
59 0 1.15 0 1.34418E-08 3.9E-13 8.3E-13 -1.35784E-08 0
60 0 1.1 0 7.7721E-09 2.7E-13 5E-13 -7.85252E-09 0
61 0 1.05 0 4.34804E-09 -1.6E-12 -4E-13 -4.38522E-09 0
62 0 1 0 2.38765E-09 -4.1E-13 1.2E-13 -2.40466E-09 0
63 0 0.95 0 1.30126E-09 -1.31E-12 -8E-14 -1.30644E-09 0
64 0 0.9 0 7.0008E-10 -3.79E-12 -3.49E-12 -7.0518E-10 0
65 0 0.85 0 3.8123E-10 -2.57E-12 -3.18E-12 -3.8199E-10 0
66 0 0.8 0 2.0796E-10 -1.4E-12 -1.76E-12 -2.0693E-10 0
67 0 0.75 0 1.1241E-10 -9.8E-13 -1.1E-13 -1.1172E-10 0
68 0 0.7 0 6.026E-11 5E-13 8.1E-13 -5.924E-11 0
69 0 0.65 0 3.192E-11 -7.5E-13 -1.7E-13 -3.105E-11 0
70 0 0.6 0 1.69E-11 1.3E-13 -2.1E-13 -1.611E-11 0
71 0 0.55 0 8.85E-12 -1.3E-12 -8.3E-13 -8.19E-12 0
72 0 0.5 0 4.73E-12 -1.9E-13 -5.1E-13 -4.12E-12 0
73 0 0.45 0 2.46E-12 3.7E-13 9.1E-13 -1.82E-12 0
74 0 0.4 0 1.39E-12 -3.4E-13 -5.1E-13 -5.9E-13 0
75 0 0.35 0 8.5E-13 1.13E-12 2.55E-12 -2.3E-13 0
76 0 0.3 0 2.2E-13 -1.41E-12 -1.52E-12 1.5E-13 0
77 0 0.25 0 1.7E-13 1.95E-12 1.15E-12 5.4E-13 0
78 0 0.2 0 7E-14 -2.35E-12 -2.65E-12 4.4E-13 0
79 0 0.15 0 -2E-14 1.29E-12 4.3E-13 5.3E-13 0
80 0 0.1 0 -1E-14 -1.62E-12 -1.22E-12 7.3E-13 0
81 0 0.05 0 1E-14 2.7E-13 3.3E-13 7.3E-13 0
82 0 0 0 -1.2E-13 -2.8E-12 -1.43E-12 8.5E-13 0
83 0.5 0 0 -1.2E-13 -2.61E-12 6.03E-12 8.2E-13 0
84 0.5 0.05 0 3E-14 -2.88E-12 8.2E-13 1.12E-12 0
85 0.5 0.1 0 2E-14 2E-14 3.12E-12 9.1E-13 0
86 0.5 0.15 0 8E-14 -6.8E-13 7.3E-13 8.2E-13 0
87 0.5 0.2 0 1.4E-13 1.49E-12 2.54E-12 9.6E-13 0
88 0.5 0.25 0 -6E-14 -2.75E-12 -6.8E-13 8.8E-13 0
89 0.5 0.3 0 2.8E-13 1.71E-12 2.28E-12 9.2E-13 0
90 0.5 0.35 0 4.7E-13 1.84E-12 7.8E-13 7.4E-13 0
91 0.5 0.4 0 -7E-14 -4.2E-13 -8E-14 9.1E-13 0
92 0.5 0.45 0 1.4E-13 -1.33E-12 5.4E-13 8.6E-13 0
93 0.5 0.5 0 4E-14 1.58E-12 2.28E-12 9E-13 0
94 0.5 0.55 0 3.3E-13 -3.7E-12 -2.08E-12 9.8E-13 0
95 0.5 0.6 0 3.4E-13 6.1E-13 2.78E-12 9.5E-13 0
96 0.5 0.65 0 3.9E-13 9.3E-13 1.46E-12 8.1E-13 0
97 0.5 0.7 0 4.1E-13 -5E-14 1E-12 7.2E-13 0
98 0.5 0.75 0 3.9E-13 -1.83E-12 -1.65E-12 4.8E-13 0
99 0.5 0.8 0 8.5E-13 2.04E-12 3.58E-12 4.6E-13 0
100 0.5 0.85 0 9E-13 -2.64E-12 -1.98E-12 2.1E-13 0
101 0.5 0.9 0 1.35E-12 -1.1E-12 5.8E-13 -3.1E-13 0
102 0.5 0.95 0 2.51E-12 -7.2E-13 -2.3E-13 -1.32E-12 0
103 0.5 1 0 4.62E-12 -1.05E-12 -6.8E-13 -3.45E-12 0
104 0.5 1.05 0 8.67E-12 -1.28E-12 3E-14 -7.49E-12 0
105 0.5 1.1 0 1.691E-11 1.03E-12 2.11E-12 -1.561E-11 0
106 0.5 1.15 0 3.352E-11 -2.9E-12 -1.88E-12 -3.25E-11 0
107 0.5 1.2 0 6.791E-11 -6E-13 6.3E-13 -6.676E-11 0
108 0.5 1.25 0 1.3683E-10 -7.3E-13 -4.9E-13 -1.3589E-10 0
109 0.5 1.3 0 2.7632E-10 -5.2E-13 4E-13 -2.7464E-10 0
110 0.5 1.35 0 5.5277E-10 -2.8E-12 -1.69E-12 -5.5192E-10 0
111 0.5 1.4 0 1.10309E-09 -2.79E-12 -1.32E-12 -1.10049E-09 0
112 0.5 1.45 0 2.18193E-09 -1.09E-12 -4.6E-13 -2.16965E-09 0
113 0.5 1.5 0 4.21408E-09 -9.5E-13 2.17E-12 -4.17289E-09 0
114 0.5 1.55 0 7.88273E-09 1E-12 2.97E-12 -7.79657E-09 0
115 0.5 1.6 0 1.41053E-08 -1.08E-12 1.2E-13 -1.39824E-08 0
116 0.5 1.65 0 2.47769E-08 -1.66E-12 -7.5E-13 -2.4423E-08 0
117 0.5 1.7 0 4.11153E-08 -7.8E-13 -1E-14 -4.04229E-08 0
118 0.5 1.75 0 6.49862E-08 1.34E-12 1.4E-12 -6.33394E-08 0
119 0.5 1.8 0 9.76037E-08 -6.3E-13 5.2E-13 -9.60822E-08 0
120 0.5 1.85 0 1.4067E-07 -1.54E-12 -1.39E-12 -1.37952E-07 0
121 0.5 1.9 0 2.00685E-07 2.73E-12 3.11E-12 -1.98811E-07 0
122 0.5 1.95 0 2.82577E-07 1.64E-12 2.98E-12 -2.79545E-07 0
123 0.5 2 0 3.91034E-07 -2.43E-12 -8.2E-13 -3.85738E-07 0
124 0.5 2 0 3.8458E-07 -9.9E-13 -1.11E-12 -3.80387E-07 0
125 0.5 1.95 0 2.69972E-07 -7.6E-13 -1.2E-13 -2.69224E-07 0
126 0.5 1.9 0 1.8787E-07 -1.24E-12 1.16E-12 -1.87422E-07 0
127 0.5 1.85 0 1.28046E-07 -8.6E-13 -8.2E-13 -1.28566E-07 0
128 0.5 1.8 0 8.50785E-08 1.49E-12 2.69E-12 -8.54053E-08 0
129 0.5 1.75 0 5.4436E-08 -1.6E-12 -1.43E-12 -5.46619E-08 0
130 0.5 1.7 0 3.34007E-08 2.82E-12 1.7E-13 -3.35004E-08 0
131 0.5 1.65 0 1.96166E-08 3.07E-12 3.57E-12 -1.97682E-08 0
132 0.5 1.6 0 1.11523E-08 1.1E-12 2.76E-12 -1.12221E-08 0
133 0.5 1.55 0 6.18113E-09 2.23E-12 1.11E-12 -6.21569E-09 0
134 0.5 1.5 0 3.33836E-09 -2.45E-12 -6.5E-13 -3.35243E-09 0
135 0.5 1.45 0 1.76494E-09 -1.83E-12 5.5E-13 -1.76772E-09 0
136 0.5 1.4 0 9.2092E-10 -2.28E-12 -1.15E-12 -9.2129E-10 0
137 0.5 1.35 0 4.7805E-10 -4.15E-12 -2.61E-12 -4.7825E-10 0
138 0.5 1.3 0 2.4787E-10 -3.18E-12 -2.28E-12 -2.4916E-10 0
139 0.5 1.25 0 1.2835E-10 -4.42E-12 -4.5E-12 -1.278E-10 0
140 0.5 1.2 0 6.692E-11 1.59E-12 1.23E-12 -6.479E-11 0
141 0.5 1.15 0 3.41E-11 4.9E-13 7.5E-13 -3.275E-11 0
142 0.5 1.1 0 1.708E-11 -3.8E-12 -4.61E-12 -1.65E-11 0
143 0.5 1.05 0 9.03E-12 -1.91E-12 -4.9E-13 -7.84E-12 0
144 0.5 1 0 5.06E-12 1.39E-12 2.37E-12 -3.65E-12 0
145 0.5 0.95 0 2.73E-12 5.8E-13 1.32E-12 -1.47E-12 0
146 0.5 0.9 0 1.45E-12 1.9E-13 -6.02E-12 -5.2E-13 0
147 0.5 0.85 0 9.6E-13 -6.8E-13 -7.2E-13 1.4E-13 0
148 0.5 0.8 0 8E-13 1.14E-12 1.94E-12 5.2E-13 0
149 0.5 0.75 0 9E-14 -1.54E-12 -5E-13 7.2E-13 0
150 0.5 0.7 0 1.7E-13 4.8E-13 -3E-14 6.3E-13 0
151 0.5 0.65 0 -1.5E-13 -2.95E-12 -4.2E-13 5.4E-13 0
152 0.5 0.6 0 -3.1E-13 -9E-13 -1.99E-12 1.12E-12 0
153 0.5 0.55 0 1.5E-13 1.17E-12 1.55E-12 8.7E-13 0
154 0.5 0.5 0 2E-14 -1.81E-12 -3.3E-13 8.8E-13 0
155 0.5 0.45 0 9E-14 0 1.44E-12 1E-12 0
156 0.5 0.4 0 7E-14 2E-14 -8.8E-13 1.05E-12 0
157 0.5 0.35 0 4E-14 -2.68E-12 -1.38E-12 7.8E-13 0
158 0.5 0.3 0 -9E-14 4.3E-13 1.79E-12 7.9E-13 0
159 0.5 0.25 0 -2E-14 -6.9E-13 8.4E-13 6.8E-13 0
160 0.5 0.2 0 1E-14 -3.03E-12 -2.11E-12 1.01E-12 0
161 0.5 0.15 0 3.2E-13 -1.5E-12 6.6E-13 1.02E-12 0
162 0.5 0.1 0 1.7E-13 -1.92E-12 -7.8E-13 1.09E-12 0
163 0.5 0.05 0 2.7E-13 5.59E-12 4.13E-12 1.36E-12 0
164 0.5 0 0 3.1E-13 -1.11E-12 -1.02E-12 9.6E-13 0
165 1 0 0 -6.061E-11 5.818E-11 8.93E-12 8.1E-13 0
166 1 0.05 0 1.16853E-09 -1.1682E-09 4.42E-12 1.14E-12 0
167 1 0.1 0 1.34233E-09 -1.34422E-09 1.1E-12 1.05E-12 0
168 1 0.15 0 1.36844E-09 -1.36587E-09 2.21E-12 9.3E-13 0
169 1 0.2 0 1.37051E-09 -1.37277E-09 -1.14E-12 1E-12 0
170 1 0.25 0 1.36938E-09 -1.3699E-09 -5.2E-13 1.07E-12 0
171 1 0.3 0 1.3706E-09 -1.37121E-09 1E-14 1.08E-12 0
172 1 0.35 0 1.36787E-09 -1.3703E-09 -1.89E-12 1.14E-12 0
173 1 0.4 0 1.36968E-09 -1.36884E-09 5.2E-13 1.06E-12 0
174 1 0.45 0 1.3677E-09 -1.36673E-09 2.2E-13 1.05E-12 0
175 1 0.5 0 1.36847E-09 -1.36881E-09 -3.6E-13 1.01E-12 0
176 1 0.55 0 1.3668E-09 -1.36853E-09 -4.6E-13 9E-13 0
177 1 0.6 0 1.36819E-09 -1.36816E-09 -3.3E-13 9.3E-13 0
178 1 0.65 0 1.36624E-09 -1.36782E-09 -3.04E-12 8.5E-13 0
179 1 0.7 0 1.36697E-09 -1.36625E-09 -3.8E-13 1.16E-12 0
180 1 0.75 0 1.36647E-09 -1.36612E-09 8.5E-13 1.11E-12 0
181 1 0.8 0 1.36646E-09 -1.36343E-09 8E-13 1.3E-12 0
182 1 0.85 0 1.36639E-09 -1.36465E-09 9.1E-13 1.14E-12 0
183 1 0.9 0 1.3659E-09 -1.36148E-09 2.86E-12 1.33E-12 0
184 1 0.95 0 1.36567E-09 -1.36308E-09 1.26E-12 1.32E-12 0
185 1 1 0 1.36489E-09 -1.36367E-09 4.6E-13 9.9E-13 0
186 1 1.05 0 1.36578E-09 -1.36647E-09 -4.9E-13 8.9E-13 0
187 1 1.1 0 1.36389E-09 -1.36439E-09 -1.75E-12 8.1E-13 0
188 1 1.15 0 1.36564E-09 -1.36453E-09 4E-14 6.6E-13 0
189 1 1.2 0 1.36342E-09 -1.3648E-09 -2.38E-12 5.5E-13 0
190 1 1.25 0 1.36393E-09 -1.3639E-09 -1.17E-12 4.9E-13 0
191 1 1.3 0 1.36389E-09 -1.36369E-09 -2.31E-12 2.6E-13 0
192 1 1.35 0 1.36515E-09 -1.36173E-09 1.12E-12 -1.5E-13 0
193 1 1.4 0 1.36504E-09 -1.36284E-09 -1.17E-12 -6.4E-13 0
194 1 1.45 0 1.36682E-09 -1.36256E-09 -4.1E-13 -1.59E-12 0
195 1 1.5 0 1.36819E-09 -1.36506E-09 -2.2E-12 -4.02E-12 0
196 1 1.55 0 1.37274E-09 -1.3616E-09 -4E-14 -8.42E-12 0
197 1 1.6 0 1.38362E-09 -1.36415E-09 6.3E-13 -1.765E-11 0
198 1 1.65 0 1.40022E-09 -1.36202E-09 -1.76E-12 -3.66E-11 0
199 1 1.7 0 1.44112E-09 -1.36231E-09 1.12E-12 -7.535E-11 0
200 1 1.75 0 1.51744E-09 -1.36284E-09 -1.64E-12 -1.5403E-10 0
201 1 1.8 0 1.6798E-09 -1.36226E-09 -8E-14 -3.1418E-10 0
202 1 1.85 0 2.00514E-09 -1.36607E-09 -1.79E-12 -6.3588E-10 0
203 1 1.9 0 2.64783E-09 -1.36359E-09 -1.8E-12 -1.27994E-09 0
204 1 1.95 0 3.90438E-09 -1.36386E-09 -2.02E-12 -2.52676E-09 0
205 1 2 0 6.25756E-09 -1.36399E-09 -1.81E-12 -4.83988E-09 0
206 1 2 0 6.1873E-09 -1.36338E-09 1.17E-12 -4.79432E-09 0
207 1 1.95 0 3.82599E-09 -1.36316E-09 0 -2.4635E-09 0
208 1 1.9 0 2.60508E-09 -1.36348E-09 -1.15E-12 -1.24449E-09 0
209 1 1.85 0 1.98522E-09 -1.36287E-09 3.7E-13 -6.2037E-10 0
210 1 1.8 0 1.67161E-09 -1.36258E-09 3.2E-13 -3.0743E-10 0
211 1 1.75 0 1.51587E-09 -1.36301E-09 1.04E-12 -1.5275E-10 0
212 1 1.7 0 1.43725E-09 -1.36336E-09 -2.38E-12 -7.485E-11 0
213 1 1.65 0 1.4011E-09 -1.36175E-09 1.1E-12 -3.678E-11 0
214 1 1.6 0 1.38057E-09 -1.36322E-09 -2.46E-12 -1.779E-11 0
215 1 1.55 0 1.37165E-09 -1.36195E-09 -5E-13 -8.53E-12 0
216 1 1.5 0 1.36717E-09 -1.36333E-09 -8.1E-13 -3.94E-12 0
217 1 1.45 0 1.36421E-09 -1.36063E-09 -6.7E-13 -1.65E-12 0
218 1 1.4 0 1.36361E-09 -1.3635E-09 -1.77E-12 -4.5E-13 0
219 1 1.35 0 1.36308E-09 -1.3615E-09 -9.7E-13 1.8E-13 0
220 1 1.3 0 1.36258E-09 -1.36293E-09 -1.36E-12 3.7E-13 0
221 1 1.25 0 1.36255E-09 -1.36169E-09 -8.7E-13 6.6E-13 0
222 1 1.2 0 1.3623E-09 -1.36331E-09 -1.89E-12 7E-13 0
223 1 1.15 0 1.36044E-09 -1.36199E-09 -3.64E-12 9.4E-13 0
224 1 1.1 0 1.36224E-09 -1.36177E-09 6E-14 9.8E-13 0
225 1 1.05 0 1.36053E-09 -1.36285E-09 -2.54E-12 8.6E-13 0
226 1 1 0 1.36095E-09 -1.35897E-09 3.2E-13 8E-13 0
227 1 0.95 0 1.36027E-09 -1.36137E-09 -1.44E-12 1.1E-12 0
228 1 0.9 0 1.35998E-09 -1.35939E-09 3.7E-13 1.04E-12 0
229 1 0.85 0 1.36071E-09 -1.35945E-09 2.8E-13 1.14E-12 0
230 1 0.8 0 1.36004E-09 -1.36112E-09 -8.5E-13 1.09E-12 0
231 1 0.75 0 1.35961E-09 -1.36227E-09 -3E-12 1.21E-12 0
232 1 0.7 0 1.35974E-09 -1.3603E-09 -9E-14 1.02E-12 0
233 1 0.65 0 1.36085E-09 -1.36113E-09 -2.9E-13 1.16E-12 0
234 1 0.6 0 1.35973E-09 -1.35906E-09 -5.9E-13 1.12E-12 0
235 1 0.55 0 1.36041E-09 -1.36191E-09 -1.1E-12 1.23E-12 0
236 1 0.5 0 1.3592E-09 -1.35972E-09 -2.86E-12 1.22E-12 0
237 1 0.45 0 1.36075E-09 -1.35969E-09 1.12E-12 1.11E-12 0
238 1 0.4 0 1.35871E-09 -1.36071E-09 -2.09E-12 1.08E-12 0
239 1 0.35 0 1.36003E-09 -1.3594E-09 5.6E-13 1.08E-12 0
240 1 0.3 0 1.35883E-09 -1.36322E-09 -3.61E-12 1.25E-12 0
241 1 0.25 0 1.36041E-09 -1.35667E-09 1.42E-12 1.27E-12 0
242 1 0.2 0 1.35909E-09 -1.36016E-09 -1.9E-13 1.18E-12 0
243 1 0.15 0 1.35396E-09 -1.35418E-09 -7.9E-13 1.1E-12 0
244 1 0.1 0 1.33087E-09 -1.33122E-09 2.6E-13 1.16E-12 0
245 1 0.05 0 1.15382E-09 -1.15516E-09 -2.11E-12 1.16E-12 0
246 1 0 0 -5.961E-11 5.847E-11 -3.2E-13 1.16E-12 0
247 1.5 0 0 8.56E-10 1.2292E-10 1.067E-11 9.8E-13 0
248 1.5 0.05 0 4.69138E-06 -4.68918E-06 5.26E-12 5.4E-13 0
249 1.5 0.1 0 8.58969E-06 -8.59161E-06 4.09E-12 7.3E-13 0
250 1.5 0.15 0 1.17209E-05 -1.17223E-05 3.97E-12 4.9E-13 0
251 1.5 0.2 0 1.40813E-05 -1.40863E-05 -2.8E-13 7.6E-13 0
252 1.5 0.25 0 1.5729E-05 -1.57346E-05 4.11E-12 6.2E-13 0
253 1.5 0.3 0 1.6736E-05 -1.67416E-05 7.1E-13 6.7E-13 0
254 1.5 0.35 0 1.72471E-05 -1.72517E-05 1.1E-12 7.8E-13 0
255 1.5 0.4 0 1.74465E-05 -1.74494E-05 9.8E-13 5.6E-13 0
256 1.5 0.45 0 1.75048E-05 -1.75066E-05 3.6E-12 7.3E-13 0
257 1.5 0.5 0 1.75196E-05 -1.75212E-05 -1.4E-13 7E-13 0
258 1.5 0.55 0 1.75249E-05 -1.75258E-05 1.24E-12 5.4E-13 0
259 1.5 0.6 0 1.75276E-05 -1.75286E-05 2.82E-12 7.7E-13 0
260 1.5 0.65 0 1.75301E-05 -1.75308E-05 2.73E-12 8.6E-13 0
261 1.5 0.7 0 1.75316E-05 -1.75324E-05 2.4E-12 4.3E-13 0
262 1.5 0.75 0 1.75328E-05 -1.75336E-05 8.5E-13 5.7E-13 0
263 1.5 0.8 0 1.75341E-05 -1.75349E-05 1.58E-12 5.4E-13 0
264 1.5 0.85 0 1.75355E-05 -1.7536E-05 1.2E-12 5E-13 0
265 1.5 0.9 0 1.75363E-05 -1.7537E-05 -1.24E-12 7.4E-13 0
266 1.5 0.95 0 1.75373E-05 -1.7538E-05 2.73E-12 5.3E-13 0
267 1.5 1 0 1.75381E-05 -1.75387E-05 6.6E-13 3.6E-13 0
268 1.5 1.05 0 1.75385E-05 -1.7539E-05 -1E-14 5.5E-13 0
269 1.5 1.1 0 1.75398E-05 -1.75401E-05 1E-14 3.8E-13 0
270 1.5 1.15 0 1.75401E-05 -1.75406E-05 3.08E-12 4E-13 0
271 1.5 1.2 0 1.75407E-05 -1.75413E-05 -1.86E-12 6.5E-13 0
272 1.5 1.25 0 1.75412E-05 -1.7542E-05 1.09E-12 4.3E-13 0
273 1.5 1.3 0 1.75418E-05 -1.75422E-05 1.19E-12 4.4E-13 0
274 1.5 1.35 0 1.75423E-05 -1.75429E-05 1.84E-12 3.1E-13 0
275 1.5 1.4 0 1.75424E-05 -1.7543E-05 -4E-14 2.3E-13 0
276 1.5 1.45 0 1.75433E-05 -1.75438E-05 9.2E-13 2.2E-13 0
277 1.5 1.5 0 1.75435E-05 -1.7544E-05 5.7E-13 1.2E-13 0
278 1.5 1.55 0 1.7544E-05 -1.75442E-05 1.37E-12 6E-14 0
279 1.5 1.6 0 1.75444E-05 -1.75447E-05 -9.2E-13 4E-14 0
280 1.5 1.65 0 1.75445E-05 -1.7545E-05 2.61E-12 -6.1E-13 0
281 1.5 1.7 0 1.75451E-05 -1.75456E-05 1.42E-12 -9E-13 0
282 1.5 1.75 0 1.75455E-05 -1.75455E-05 -1.1E-13 -1.9E-12 0
283 1.5 1.8 0 1.75453E-05 -1.75464E-05 1.7E-13 -2.99E-12 0
284 1.5 1.85 0 1.75461E-05 -1.75466E-05 2.33E-12 -5.3E-12 0
285 1.5 1.9 0 1.75467E-05 -1.7547E-05 -1.25E-12 -8.62E-12 0
286 1.5 1.95 0 1.75471E-05 -1.75475E-05 -8.9E-13 -1.348E-11 0
287 1.5 2 0 1.75471E-05 -1.75476E-05 1.21E-12 -2.175E-11 0
288 1.5 2 0 1.75471E-05 -1.75474E-05 2.41E-12 -2.162E-11 0
289 1.5 1.95 0 1.75462E-05 -1.75466E-05 -7.7E-13 -1.358E-11 0
290 1.5 1.9 0 1.75454E-05 -1.75453E-05 8.5E-13 -8.93E-12 0
291 1.5 1.85 0 1.75445E-05 -1.75452E-05 2.02E-12 -5.07E-12 0
292 1.5 1.8 0 1.75439E-05 -1.75443E-05 -3E-14 -3.09E-12 0
293 1.5 1.75 0 1.75426E-05 -1.75435E-05 -1.34E-12 -1.87E-12 0
294 1.5 1.7 0 1.75419E-05 -1.75424E-05 9.4E-13 -9.5E-13 0
295 1.5 1.65 0 1.75412E-05 -1.75415E-05 8.9E-13 -5.6E-13 0
296 1.5 1.6 0 1.75404E-05 -1.75407E-05 -2.3E-13 -1.5E-13 0
297 1.5 1.55 0 1.75395E-05 -1.75398E-05 -6E-14 6E-14 0
298 1.5 1.5 0 1.75381E-05 -1.75386E-05 3E-12 1E-13 0
299 1.5 1.45 0 1.75376E-05 -1.75378E-05 -4.1E-13 2.9E-13 0
300 1.5 1.4 0 1.75363E-05 -1.75368E-05 -9.1E-13 2.3E-13 0
301 1.5 1.35 0 1.75354E-05 -1.75359E-05 2.41E-12 4.7E-13 0
302 1.5 1.3 0 1.75347E-05 -1.75351E-05 1.76E-12 4E-13 0
303 1.5 1.25 0 1.75336E-05 -1.75339E-05 -1.05E-12 4.3E-13 0
304 1.5 1.2 0 1.75326E-05 -1.75333E-05 1.07E-12 5.2E-13 0
305 1.5 1.15 0 1.75317E-05 -1.75318E-05 2.48E-12 5.6E-13 0
306 1.5 1.1 0 1.75306E-05 -1.75309E-05 4.5E-13 5.3E-13 0
307 1.5 1.05 0 1.75294E-05 -1.75298E-05 6E-13 3.1E-13 0
308 1.5 1 0 1.7528E-05 -1.75286E-05 1.89E-12 5E-13 0
309 1.5 0.95 0 1.75272E-05 -1.75277E-05 1.53E-12 3.8E-13 0
310 1.5 0.9 0 1.75259E-05 -1.7526E-05 -1.4E-13 6.2E-13 0
311 1.5 0.85 0 1.75243E-05 -1.75249E-05 2.5E-13 6E-13 0
312 1.5 0.8 0 1.7523E-05 -1.75236E-05 3.19E-12 6E-13 0
313 1.5 0.75 0 1.7522E-05 -1.75226E-05 -6.9E-13 6.9E-13 0
314 1.5 0.7 0 1.75204E-05 -1.75209E-05 -1.16E-12 5.7E-13 0
315 1.5 0.65 0 1.7519E-05 -1.7519E-05 1.31E-12 7.4E-13 0
316 1.5 0.6 0 1.7517E-05 -1.75175E-05 1.21E-12 6.5E-13 0
317 1.5 0.55 0 1.75149E-05 -1.75155E-05 7E-13 5.7E-13 0
318 1.5 0.5 0 1.75109E-05 -1.75116E-05 8.3E-13 7.5E-13 0
319 1.5 0.45 0 1.74982E-05 -1.74985E-05 1.64E-12 8.5E-13 0
320 1.5 0.4 0 1.74424E-05 -1.74429E-05 0 6.6E-13 0
321 1.5 0.35 0 1.72462E-05 -1.72454E-05 5.1E-13 6.4E-13 0
322 1.5 0.3 0 1.67364E-05 -1.67348E-05 7.5E-13 5.9E-13 0
323 1.5 0.25 0 1.57286E-05 -1.57257E-05 6.8E-13 5.7E-13 0
324 1.5 0.2 0 1.40782E-05 -1.40742E-05 -8E-13 5.6E-13 0
325 1.5 0.15 0 1.17108E-05 -1.17065E-05 2.81E-12 5.7E-13 0
326 1.5 0.1 0 8.57834E-06 -8.57462E-06 2.04E-12 7.3E-13 0
327 1.5 0.05 0 4.67772E-06 -4.67475E-06 1.06E-12 6.1E-13 0
328 1.5 0 0 -5.8117E-10 9.3897E-10 1.91E-12 8.3E-13 0
329 2 0 0 -6.728E-11 -2.8383E-10 3.316E-11 7.5E-13 0
330 2 0.05 0 1.07728E-05 -1.07485E-05 1.429E-11 5.6E-13 0
331 2 0.1 0 2.07946E-05 -2.08102E-05 9.33E-12 4.3E-13 0
332 2 0.15 0 3.02037E-05 -3.02442E-05 3.36E-12 3.1E-13 0
333 2 0.2 0 3.89607E-05 -3.9023E-05 5.34E-12 2.7E-13 0
334 2 0.25 0 4.70937E-05 -4.71752E-05 4.77E-12 -5E-14 0
335 2 0.3 0 5.45658E-05 -5.46633E-05 -4.9E-13 -1E-14 0
336 2 0.35 0 6.13958E-05 -6.15049E-05 1.46E-12 -2.6E-13 0
337 2 0.4 0 6.75519E-05 -6.76708E-05 2.17E-12 5E-14 0
338 2 0.45 0 7.30487E-05 -7.31716E-05 1.67E-12 -3.9E-13 0
339 2 0.5 0 7.78642E-05 -7.79891E-05 -8E-13 -2.5E-13 0
340 2 0.55 0 8.20156E-05 -8.21389E-05 9.3E-13 -3.5E-13 0
341 2 0.6 0 8.54948E-05 -8.56145E-05 1.06E-12 -5E-13 0
342 2 0.65 0 8.8322E-05 -8.84346E-05 -2.46E-12 -4E-13 0
343 2 0.7 0 9.05124E-05 -9.0616E-05 -5E-14 -5.6E-13 0
344 2 0.75 0 9.21141E-05 -9.22059E-05 1.55E-12 -5.1E-13 0
345 2 0.8 0 9.31847E-05 -9.32643E-05 4.1E-13 -5.4E-13 0
346 2 0.85 0 9.38252E-05 -9.38922E-05 5.5E-13 -6.5E-13 0
347 2 0.9 0 9.41674E-05 -9.42212E-05 1.1E-12 -5.4E-13 0
348 2 0.95 0 9.43486E-05 -9.43907E-05 1.02E-12 -7.4E-13 0
349 2 1 0 9.44591E-05 -9.44948E-05 -1.31E-12 -5.4E-13 0
350 2 1.05 0 9.45436E-05 -9.45732E-05 1.69E-12 -2.8E-13 0
351 2 1.1 0 9.46144E-05 -9.46407E-05 1.2E-13 -8.2E-13 0
352 2 1.15 0 9.46757E-05 -9.46985E-05 -3.79E-12 -7.6E-13 0
353 2 1.2 0 9.47289E-05 -9.47496E-05 -6E-12 -1.05E-12 0
354 2 1.25 0 9.47756E-05 -9.47931E-05 -1.33E-12 -1.14E-12 0
355 2 1.3 0 9.48196E-05 -9.48345E-05 3.7E-13 -1.1E-12 0
356 2 1.35 0 9.48575E-05 -9.48733E-05 -4.5E-12 -1.19E-12 0
357 2 1.4 0 9.48911E-05 -9.4904E-05 1.68E-12 -5.2E-13 0
358 2 1.45 0 9.49226E-05 -9.49346E-05 6.23E-12 -3.2E-13 0
359 2 1.5 0 9.49512E-05 -9.49625E-05 1.24E-12 -9.2E-13 0
360 2 1.55 0 9.49776E-05 -9.49883E-05 2.14E-12 -1.03E-12 0
361 2 1.6 0 9.50019E-05 -9.50124E-05 2.94E-12 -1.16E-12 0
362 2 1.65 0 9.50261E-05 -9.50342E-05 1.08E-12 -1.14E-12 0
363 2 1.7 0 9.50459E-05 -9.50546E-05 -2.5E-13 -1.31E-12 0
364 2 1.75 0 9.50662E-05 -9.50747E-05 8.9E-13 -1.43E-12 0
365 2 1.8 0 9.50859E-05 -9.5093E-05 8.4E-13 -2.01E-12 0
366 2 1.85 0 9.51025E-05 -9.5109E-05 -1.88E-12 -1.8E-12 0
367 2 1.9 0 9.51188E-05 -9.51252E-05 -1.4E-12 -1.98E-12 0
368 2 1.95 0 9.51344E-05 -9.51396E-05 1.8E-12 -2.29E-12 0
369 2 2 0 9.51488E-05 -9.51544E-05 9.9E-13 -2.45E-12 0
370 2 2 0 9.5158E-05 -9.51628E-05 -7.1E-13 -2.46E-12 0
371 2 1.95 0 9.51622E-05 -9.51667E-05 3.53E-12 -1.97E-12 0
372 2 1.9 0 9.51653E-05 -9.51696E-05 1.19E-12 -1.9E-12 0
373 2 1.85 0 9.51687E-05 -9.51728E-05 1.37E-12 -1.6E-12 0
374 2 1.8 0 9.51697E-05 -9.51729E-05 6.5E-13 -1.48E-12 0
375 2 1.75 0 9.51705E-05 -9.5175E-05 1.91E-12 -1.41E-12 0
376 2 1.7 0 9.51729E-05 -9.51755E-05 3.19E-12 -1.36E-12 0
377 2 1.65 0 9.51728E-05 -9.5176E-05 1.26E-12 -1.21E-12 0
378 2 1.6 0 9.51711E-05 -9.51744E-05 -1.8E-13 -9.2E-13 0
379 2 1.55 0 9.51702E-05 -9.51732E-05 3.92E-12 -9.8E-13 0
380 2 1.5 0 9.51685E-05 -9.51716E-05 7.4E-13 -9.5E-13 0
381 2 1.45 0 9.51657E-05 -9.51676E-05 6.3E-13 -1.04E-12 0
382 2 1.4 0 9.51627E-05 -9.51646E-05 1.75E-12 -9.4E-13 0
383 2 1.35 0 9.51602E-05 -9.51621E-05 2.54E-12 -8.3E-13 0
384 2 1.3 0 9.51556E-05 -9.51582E-05 1.8E-13 -8E-13 0
385 2 1.25 0 9.51506E-05 -9.51532E-05 1.25E-12 -6.5E-13 0
386 2 1.2 0 9.51457E-05 -9.51467E-05 2.56E-12 -6.8E-13 0
387 2 1.15 0 9.51382E-05 -9.51401E-05 1.72E-12 -6.6E-13 0
388 2 1.1 0 9.51308E-05 -9.51325E-05 -4.2E-13 -6.1E-13 0
389 2 1.05 0 9.51212E-05 -9.51228E-05 2.46E-12 -5.7E-13 0
390 2 1 0 9.51085E-05 -9.51092E-05 1.86E-12 -5.4E-13 0
391 2 0.95 0 9.50791E-05 -9.50796E-05 -4.1E-13 -5.3E-13 0
392 2 0.9 0 9.49883E-05 -9.49859E-05 1.37E-12 -4.8E-13 0
393 2 0.85 0 9.47336E-05 -9.47297E-05 3.4E-12 -7.4E-13 0
394 2 0.8 0 9.41698E-05 -9.41589E-05 1.21E-12 -6.4E-13 0
395 2 0.75 0 9.31626E-05 -9.31455E-05 2.1E-13 -5.4E-13 0
396 2 0.7 0 9.16118E-05 -9.15837E-05 2.4E-12 -5.5E-13 0
397 2 0.65 0 8.94561E-05 -8.94168E-05 2.71E-12 -3.8E-13 0
398 2 0.6 0 8.66419E-05 -8.65932E-05 -2.2E-13 -4.1E-13 0
399 2 0.55 0 8.31567E-05 -8.30963E-05 3.15E-12 -3.1E-13 0
400 2 0.5 0 7.89733E-05 -7.89011E-05 4.85E-12 -3.2E-13 0
401 2 0.45 0 7.4097E-05 -7.40152E-05 3.17E-12 -3.6E-13 0
402 2 0.4 0 6.85112E-05 -6.84207E-05 2.4E-12 -7E-14 0
403 2 0.35 0 6.22362E-05 -6.21388E-05 5.49E-12 -1.7E-13 0
404 2 0.3 0 5.526E-05 -5.51589E-05 5.2E-12 2E-14 0
405 2 0.25 0 4.76179E-05 -4.7516E-05 5.04E-12 1.8E-13 0
406 2 0.2 0 3.93017E-05 -3.92042E-05 6.16E-12 1E-14 0
407 2 0.15 0 3.03622E-05 -3.02754E-05 1.066E-11 2.5E-13 0
408 2 0.1 0 2.07952E-05 -2.07275E-05 9.06E-12 4.1E-13 0
409 2 0.05 0 1.06656E-05 -1.06265E-05 1.137E-11 5E-13 0
410 2 0 0 2.1707E-10 5.626E-11 1.123E-11 7.5E-13 0
