FET Vds-Id
VG= 0 to 2 in 0.02 step
VDS= 0.05 to 0.5 in 0.45 step
NO. VG VDS ID IG VSUB
 V V A A V
1 0 0.05 1.1E-13 -1.08E-12 0
2 0.02 0.05 -1.2E-13 -1.1E-13 0
3 0.04 0.05 8E-14 2.69E-12 0
4 0.06 0.05 6E-14 3.24E-12 0
5 0.08 0.05 -6E-14 2.02E-12 0
6 0.1 0.05 2.9E-13 8E-14 0
7 0.12 0.05 -1.2E-13 1.6E-13 0
8 0.14 0.05 1.2E-13 3E-12 0
9 0.16 0.05 7E-14 2.58E-12 0
10 0.18 0.05 9E-14 1.84E-12 0
11 0.2 0.05 2.5E-13 2.89E-12 0
12 0.22 0.05 -4E-14 2.18E-12 0
13 0.24 0.05 5E-14 3.05E-12 0
14 0.26 0.05 -4E-14 2.73E-12 0
15 0.28 0.05 1.4E-13 1.6E-12 0
16 0.3 0.05 -1E-14 1.77E-12 0
17 0.32 0.05 2E-14 3.34E-12 0
18 0.34 0.05 -8E-14 3.67E-12 0
19 0.36 0.05 4E-14 3.78E-12 0
20 0.38 0.05 1E-14 2.85E-12 0
21 0.4 0.05 1.7E-13 2.75E-12 0
22 0.42 0.05 1.3E-13 8.2E-13 0
23 0.44 0.05 2.4E-13 3.3E-12 0
24 0.46 0.05 1.6E-13 3.73E-12 0
25 0.48 0.05 6E-14 3.93E-12 0
26 0.5 0.05 1.2E-13 3.41E-12 0
27 0.52 0.05 9E-14 3.18E-12 0
28 0.54 0.05 5E-14 2.97E-12 0
29 0.56 0.05 2E-14 3.9E-12 0
30 0.58 0.05 4E-14 4.08E-12 0
31 0.6 0.05 1.6E-13 2.77E-12 0
32 0.62 0.05 5E-14 1.99E-12 0
33 0.64 0.05 1.1E-13 1.16E-12 0
34 0.66 0.05 2.6E-13 4.42E-12 0
35 0.68 0.05 7E-14 2.88E-12 0
36 0.7 0.05 5E-14 4.38E-12 0
37 0.72 0.05 2.5E-13 -5.5E-13 0
38 0.74 0.05 2.8E-13 2.21E-12 0
39 0.76 0.05 4.7E-13 2.94E-12 0
40 0.78 0.05 6.2E-13 2.78E-12 0
41 0.8 0.05 1.05E-12 3.71E-12 0
42 0.82 0.05 1.73E-12 3.09E-12 0
43 0.84 0.05 3.84E-12 3.61E-12 0
44 0.86 0.05 7.72E-12 4.05E-12 0
45 0.88 0.05 1.578E-11 3.72E-12 0
46 0.9 0.05 3.265E-11 4.05E-12 0
47 0.92 0.05 6.737E-11 2.08E-12 0
48 0.94 0.05 1.3974E-10 2.27E-12 0
49 0.96 0.05 2.9002E-10 2.82E-12 0
50 0.98 0.05 5.9881E-10 2.42E-12 0
51 1 0.05 1.24044E-09 3.25E-12 0
52 1.02 0.05 2.56277E-09 5.49E-12 0
53 1.04 0.05 5.24758E-09 3.82E-12 0
54 1.06 0.05 1.060806E-08 3.91E-12 0
55 1.08 0.05 2.07781E-08 2.98E-12 0
56 1.1 0.05 4.01292E-08 5.1E-12 0
57 1.12 0.05 7.44536E-08 3.44E-12 0
58 1.14 0.05 1.3121E-07 3.49E-12 0
59 1.16 0.05 2.19676E-07 3.5E-12 0
60 1.18 0.05 3.46181E-07 3.26E-12 0
61 1.2 0.05 5.12292E-07 5.48E-12 0
62 1.22 0.05 7.14882E-07 4.86E-12 0
63 1.24 0.05 9.46936E-07 5.56E-12 0
64 1.26 0.05 1.20042E-06 2.94E-12 0
65 1.28 0.05 1.4732E-06 5.79E-12 0
66 1.3 0.05 1.75585E-06 4.95E-12 0
67 1.32 0.05 2.04695E-06 4.31E-12 0
68 1.34 0.05 2.3426E-06 4.62E-12 0
69 1.36 0.05 2.64041E-06 6.28E-12 0
70 1.38 0.05 2.93846E-06 4.33E-12 0
71 1.4 0.05 3.23753E-06 4.84E-12 0
72 1.42 0.05 3.53619E-06 4.84E-12 0
73 1.44 0.05 3.83381E-06 5.92E-12 0
74 1.46 0.05 4.12914E-06 4.2E-12 0
75 1.48 0.05 4.42384E-06 5.87E-12 0
76 1.5 0.05 4.71712E-06 4.5E-12 0
77 1.52 0.05 5.00835E-06 7.02E-12 0
78 1.54 0.05 5.29621E-06 4.19E-12 0
79 1.56 0.05 5.58326E-06 5.44E-12 0
80 1.58 0.05 5.86804E-06 5.68E-12 0
81 1.6 0.05 6.15039E-06 7.27E-12 0
82 1.62 0.05 6.42879E-06 4.27E-12 0
83 1.64 0.05 6.70562E-06 6.4E-12 0
84 1.66 0.05 6.97947E-06 6.96E-12 0
85 1.68 0.05 7.24883E-06 5.88E-12 0
86 1.7 0.05 7.51576E-06 5.53E-12 0
87 1.72 0.05 7.77886E-06 7.95E-12 0
88 1.74 0.05 8.03789E-06 7.19E-12 0
89 1.76 0.05 8.29123E-06 6.86E-12 0
90 1.78 0.05 8.5418E-06 7.63E-12 0
91 1.8 0.05 8.78692E-06 9.37E-12 0
92 1.82 0.05 9.02715E-06 8.56E-12 0
93 1.84 0.05 9.26016E-06 9.81E-12 0
94 1.86 0.05 9.48925E-06 9.9E-12 0
95 1.88 0.05 9.71178E-06 1.161E-11 0
96 1.9 0.05 9.92784E-06 1.164E-11 0
97 1.92 0.05 1.013546E-05 1.294E-11 0
98 1.94 0.05 1.033795E-05 1.409E-11 0
99 1.96 0.05 1.05333E-05 1.675E-11 0
100 1.98 0.05 1.072011E-05 1.696E-11 0
101 2 0.05 1.089935E-05 1.928E-11 0
102 2 0.05 1.085323E-05 1.545E-11 0
103 1.98 0.05 1.057504E-05 1.058E-11 0
104 1.96 0.05 1.031723E-05 7.79E-12 0
105 1.94 0.05 1.006748E-05 3.03E-12 0
106 1.92 0.05 9.82082E-06 2.42E-12 0
107 1.9 0.05 9.57638E-06 1.77E-12 0
108 1.88 0.05 9.33074E-06 1.3E-13 0
109 1.86 0.05 9.08347E-06 -2.2E-12 0
110 1.84 0.05 8.83521E-06 4.1E-13 0
111 1.82 0.05 8.58594E-06 -1.91E-12 0
112 1.8 0.05 8.33313E-06 -1.95E-12 0
113 1.78 0.05 8.07793E-06 -3.35E-12 0
114 1.76 0.05 7.82092E-06 -2.11E-12 0
115 1.74 0.05 7.56198E-06 -2.8E-12 0
116 1.72 0.05 7.29985E-06 -2.91E-12 0
117 1.7 0.05 7.03525E-06 -4.69E-12 0
118 1.68 0.05 6.76823E-06 -1.36E-12 0
119 1.66 0.05 6.49985E-06 -3.39E-12 0
120 1.64 0.05 6.22784E-06 -4.26E-12 0
121 1.62 0.05 5.95385E-06 -2.66E-12 0
122 1.6 0.05 5.67867E-06 -2.77E-12 0
123 1.58 0.05 5.40007E-06 -4.62E-12 0
124 1.56 0.05 5.11933E-06 -3.55E-12 0
125 1.54 0.05 4.83715E-06 -3.09E-12 0
126 1.52 0.05 4.55371E-06 -2.31E-12 0
127 1.5 0.05 4.2672E-06 -4.33E-12 0
128 1.48 0.05 3.97895E-06 -2.59E-12 0
129 1.46 0.05 3.68948E-06 -3.83E-12 0
130 1.44 0.05 3.39946E-06 -2.79E-12 0
131 1.42 0.05 3.10751E-06 -3.58E-12 0
132 1.4 0.05 2.81516E-06 -3.07E-12 0
133 1.38 0.05 2.5226E-06 -3.04E-12 0
134 1.36 0.05 2.23235E-06 -2.86E-12 0
135 1.34 0.05 1.94382E-06 -4.98E-12 0
136 1.32 0.05 1.65997E-06 -3.21E-12 0
137 1.3 0.05 1.38401E-06 -2.4E-12 0
138 1.28 0.05 1.12103E-06 -5.07E-12 0
139 1.26 0.05 8.75865E-07 -4.96E-12 0
140 1.24 0.05 6.5287E-07 -4.04E-12 0
141 1.22 0.05 4.62034E-07 -2.45E-12 0
142 1.2 0.05 3.07505E-07 -4.55E-12 0
143 1.18 0.05 1.91975E-07 -4.28E-12 0
144 1.16 0.05 1.12708E-07 -3.05E-12 0
145 1.14 0.05 6.28885E-08 -2.95E-12 0
146 1.12 0.05 3.34619E-08 -2.95E-12 0
147 1.1 0.05 1.72088E-08 -4.21E-12 0
148 1.08 0.05 8.68232E-09 -4.07E-12 0
149 1.06 0.05 4.28982E-09 -2.42E-12 0
150 1.04 0.05 2.09374E-09 -4.19E-12 0
151 1.02 0.05 1.01743E-09 -2.43E-12 0
152 1 0.05 4.9343E-10 -3.54E-12 0
153 0.98 0.05 2.4067E-10 -2.55E-12 0
154 0.96 0.05 1.1679E-10 -3.08E-12 0
155 0.94 0.05 5.667E-11 -4.89E-12 0
156 0.92 0.05 2.793E-11 -3.14E-12 0
157 0.9 0.05 1.39E-11 -4.62E-12 0
158 0.88 0.05 6.91E-12 -3.19E-12 0
159 0.86 0.05 3.94E-12 -1.72E-12 0
160 0.84 0.05 2E-12 -5.66E-12 0
161 0.82 0.05 1.5E-12 -3.53E-12 0
162 0.8 0.05 1E-12 -2.94E-12 0
163 0.78 0.05 8.4E-13 -1.45E-12 0
164 0.76 0.05 5.4E-13 -3.57E-12 0
165 0.74 0.05 4.3E-13 -3.82E-12 0
166 0.72 0.05 2.8E-13 -3.43E-12 0
167 0.7 0.05 1.9E-13 -2.56E-12 0
168 0.68 0.05 2.9E-13 -1.62E-12 0
169 0.66 0.05 7E-14 -3.12E-12 0
170 0.64 0.05 2.4E-13 -3.55E-12 0
171 0.62 0.05 1.6E-13 -5.21E-12 0
172 0.6 0.05 1E-13 -1.09E-12 0
173 0.58 0.05 5E-14 -1.7E-12 0
174 0.56 0.05 1.3E-13 -1.73E-12 0
175 0.54 0.05 2.5E-13 -2.41E-12 0
176 0.52 0.05 8E-14 -4.14E-12 0
177 0.5 0.05 1.5E-13 -2.8E-12 0
178 0.48 0.05 1E-14 -3.39E-12 0
179 0.46 0.05 1.1E-13 -2.92E-12 0
180 0.44 0.05 5E-14 -4.71E-12 0
181 0.42 0.05 0 -3.49E-12 0
182 0.4 0.05 1E-13 -2.97E-12 0
183 0.38 0.05 1.5E-13 -2.36E-12 0
184 0.36 0.05 4E-14 -4.52E-12 0
185 0.34 0.05 1.6E-13 -5.2E-12 0
186 0.32 0.05 7E-14 -5.77E-12 0
187 0.3 0.05 1.4E-13 -4.99E-12 0
188 0.28 0.05 -1.5E-13 -2.55E-12 0
189 0.26 0.05 1.2E-13 -3.17E-12 0
190 0.24 0.05 2E-13 -4.37E-12 0
191 0.22 0.05 4E-14 -5.29E-12 0
192 0.2 0.05 1E-14 -3.46E-12 0
193 0.18 0.05 9E-14 -3.35E-12 0
194 0.16 0.05 -1E-13 -5.25E-12 0
195 0.14 0.05 2E-14 -3.38E-12 0
196 0.12 0.05 -2E-14 -3.43E-12 0
197 0.1 0.05 2.4E-13 -2.01E-12 0
198 0.08 0.05 1.6E-13 -2.94E-12 0
199 0.06 0.05 3E-14 -2.96E-12 0
200 0.04 0.05 3.3E-13 -2.34E-12 0
201 0.02 0.05 -1.5E-13 -5.5E-12 0
202 0 0.05 2.3E-13 -3.8E-12 0
203 0 0.5 5.87E-12 -2.52E-12 0
204 0.02 0.5 4.38E-12 -1.46E-12 0
205 0.04 0.5 3.34E-12 -1.52E-12 0
206 0.06 0.5 2.61E-12 8.6E-13 0
207 0.08 0.5 2.01E-12 -3E-14 0
208 0.1 0.5 1.69E-12 7E-14 0
209 0.12 0.5 1.38E-12 5.5E-13 0
210 0.14 0.5 1.03E-12 1.83E-12 0
211 0.16 0.5 1.17E-12 1.47E-12 0
212 0.18 0.5 8.8E-13 2.9E-13 0
213 0.2 0.5 7.1E-13 -1.1E-12 0
214 0.22 0.5 5.2E-13 1.79E-12 0
215 0.24 0.5 4.9E-13 2.28E-12 0
216 0.26 0.5 4.3E-13 2.61E-12 0
217 0.28 0.5 5.5E-13 3.78E-12 0
218 0.3 0.5 2.9E-13 7E-13 0
219 0.32 0.5 2.6E-13 5.6E-13 0
220 0.34 0.5 1.2E-13 1.38E-12 0
221 0.36 0.5 3E-13 2.65E-12 0
222 0.38 0.5 1.3E-13 1.17E-12 0
223 0.4 0.5 1.5E-13 1.64E-12 0
224 0.42 0.5 2.4E-13 2.04E-12 0
225 0.44 0.5 3E-13 3.14E-12 0
226 0.46 0.5 2E-13 3.12E-12 0
227 0.48 0.5 1.6E-13 1E-12 0
228 0.5 0.5 -1E-14 1.3E-13 0
229 0.52 0.5 2.2E-13 2.49E-12 0
230 0.54 0.5 1.5E-13 3.19E-12 0
231 0.56 0.5 3E-14 1.1E-13 0
232 0.58 0.5 6E-14 1.74E-12 0
233 0.6 0.5 3E-14 8.7E-13 0
234 0.62 0.5 -1E-13 1.94E-12 0
235 0.64 0.5 2E-13 2.78E-12 0
236 0.66 0.5 2.3E-13 3.81E-12 0
237 0.68 0.5 2.1E-13 8.1E-13 0
238 0.7 0.5 3.1E-13 3.92E-12 0
239 0.72 0.5 5.3E-13 4.02E-12 0
240 0.74 0.5 2.9E-13 2.61E-12 0
241 0.76 0.5 6E-13 1.39E-12 0
242 0.78 0.5 9.2E-13 3.53E-12 0
243 0.8 0.5 1.25E-12 4.08E-12 0
244 0.82 0.5 2.1E-12 5.14E-12 0
245 0.84 0.5 3.97E-12 4.81E-12 0
246 0.86 0.5 6.96E-12 2.67E-12 0
247 0.88 0.5 1.412E-11 2.01E-12 0
248 0.9 0.5 2.886E-11 2.18E-12 0
249 0.92 0.5 5.952E-11 4.52E-12 0
250 0.94 0.5 1.2325E-10 3.37E-12 0
251 0.96 0.5 2.5607E-10 4.19E-12 0
252 0.98 0.5 5.3132E-10 3.05E-12 0
253 1 0.5 1.10284E-09 1.23E-12 0
254 1.02 0.5 2.28998E-09 7.33E-12 0
255 1.04 0.5 4.72839E-09 3.11E-12 0
256 1.06 0.5 9.67859E-09 3.3E-12 0
257 1.08 0.5 1.93226E-08 2.5E-12 0
258 1.1 0.5 3.8235E-08 3.92E-12 0
259 1.12 0.5 7.32958E-08 5.09E-12 0
260 1.14 0.5 1.34772E-07 3.87E-12 0
261 1.16 0.5 2.37572E-07 3.79E-12 0
262 1.18 0.5 3.98438E-07 2.1E-12 0
263 1.2 0.5 6.33341E-07 7.14E-12 0
264 1.22 0.5 9.56438E-07 3.02E-12 0
265 1.24 0.5 1.3733E-06 2.42E-12 0
266 1.26 0.5 1.90322E-06 3.83E-12 0
267 1.28 0.5 2.54503E-06 4.48E-12 0
268 1.3 0.5 3.2993E-06 3.93E-12 0
269 1.32 0.5 4.17444E-06 4.57E-12 0
270 1.34 0.5 5.1693E-06 3.15E-12 0
271 1.36 0.5 6.28322E-06 5.05E-12 0
272 1.38 0.5 7.51224E-06 2.48E-12 0
273 1.4 0.5 8.86505E-06 4.08E-12 0
274 1.42 0.5 1.033647E-05 3.17E-12 0
275 1.44 0.5 1.19196E-05 2.23E-12 0
276 1.46 0.5 1.36236E-05 4.78E-12 0
277 1.48 0.5 1.54496E-05 5.2E-12 0
278 1.5 0.5 1.73926E-05 6.45E-12 0
279 1.52 0.5 1.94492E-05 1.86E-12 0
280 1.54 0.5 2.16103E-05 8.63E-12 0
281 1.56 0.5 2.38874E-05 5.02E-12 0
282 1.58 0.5 2.62691E-05 5.02E-12 0
283 1.6 0.5 2.87448E-05 3.14E-12 0
284 1.62 0.5 3.12958E-05 6.06E-12 0
285 1.64 0.5 3.39272E-05 4.09E-12 0
286 1.66 0.5 3.66174E-05 5.1E-12 0
287 1.68 0.5 3.93391E-05 3.49E-12 0
288 1.7 0.5 4.21009E-05 6.25E-12 0
289 1.72 0.5 4.48822E-05 4.69E-12 0
290 1.74 0.5 4.76715E-05 4.73E-12 0
291 1.76 0.5 5.04516E-05 3.74E-12 0
292 1.78 0.5 5.32368E-05 7.56E-12 0
293 1.8 0.5 5.60119E-05 4.11E-12 0
294 1.82 0.5 5.87719E-05 5.36E-12 0
295 1.84 0.5 6.14985E-05 5.49E-12 0
296 1.86 0.5 6.42155E-05 8.13E-12 0
297 1.88 0.5 6.69054E-05 3.55E-12 0
298 1.9 0.5 6.95645E-05 7.02E-12 0
299 1.92 0.5 7.21761E-05 6.91E-12 0
300 1.94 0.5 7.4768E-05 8.05E-12 0
301 1.96 0.5 7.73195E-05 5.06E-12 0
302 1.98 0.5 7.98289E-05 9.31E-12 0
303 2 0.5 8.22867E-05 7.41E-12 0
304 2 0.5 8.20984E-05 6.21E-12 0
305 1.98 0.5 7.92515E-05 5.79E-12 0
306 1.96 0.5 7.6478E-05 9.5E-13 0
307 1.94 0.5 7.37332E-05 1.3E-12 0
308 1.92 0.5 7.09968E-05 -1.1E-13 0
309 1.9 0.5 6.82722E-05 1.55E-12 0
310 1.88 0.5 6.55294E-05 -2.67E-12 0
311 1.86 0.5 6.27787E-05 2.8E-13 0
312 1.84 0.5 6.00195E-05 -2.08E-12 0
313 1.82 0.5 5.72646E-05 -4.2E-13 0
314 1.8 0.5 5.44889E-05 -3.94E-12 0
315 1.78 0.5 5.17096E-05 1.85E-12 0
316 1.76 0.5 4.89297E-05 -3.54E-12 0
317 1.74 0.5 4.6163E-05 -2.63E-12 0
318 1.72 0.5 4.33959E-05 -2.93E-12 0
319 1.7 0.5 4.06427E-05 3E-14 0
320 1.68 0.5 3.79149E-05 -4.32E-12 0
321 1.66 0.5 3.52359E-05 -1.22E-12 0
322 1.64 0.5 3.25917E-05 -2.18E-12 0
323 1.62 0.5 3.00122E-05 -9.5E-13 0
324 1.6 0.5 2.75165E-05 -4.81E-12 0
325 1.58 0.5 2.5099E-05 -1.45E-12 0
326 1.56 0.5 2.27776E-05 -3.08E-12 0
327 1.54 0.5 2.05615E-05 -1.22E-12 0
328 1.52 0.5 1.84622E-05 -5.29E-12 0
329 1.5 0.5 1.64661E-05 -2.08E-12 0
330 1.48 0.5 1.45839E-05 -3.38E-12 0
331 1.46 0.5 1.2818E-05 -1.46E-12 0
332 1.44 0.5 1.11736E-05 -5.37E-12 0
333 1.42 0.5 9.64147E-06 -4.54E-12 0
334 1.4 0.5 8.22672E-06 -1.2E-12 0
335 1.38 0.5 6.92921E-06 -2.86E-12 0
336 1.36 0.5 5.75474E-06 -2.73E-12 0
337 1.34 0.5 4.69503E-06 -4.53E-12 0
338 1.32 0.5 3.75383E-06 -1.19E-12 0
339 1.3 0.5 2.93169E-06 -3.2E-12 0
340 1.28 0.5 2.22952E-06 -2.46E-12 0
341 1.26 0.5 1.63916E-06 -3.58E-12 0
342 1.24 0.5 1.15941E-06 -2.01E-12 0
343 1.22 0.5 7.86129E-07 -1.96E-12 0
344 1.2 0.5 5.05905E-07 -3.71E-12 0
345 1.18 0.5 3.08581E-07 -3.58E-12 0
346 1.16 0.5 1.78439E-07 -4.36E-12 0
347 1.14 0.5 9.8492E-08 -1.34E-12 0
348 1.12 0.5 5.2061E-08 -5.8E-13 0
349 1.1 0.5 2.66247E-08 -4.99E-12 0
350 1.08 0.5 1.32808E-08 -3.74E-12 0
351 1.06 0.5 6.56231E-09 -1.84E-12 0
352 1.04 0.5 3.18777E-09 -2.09E-12 0
353 1.02 0.5 1.5391E-09 -4.38E-12 0
354 1 0.5 7.4235E-10 -4.18E-12 0
355 0.98 0.5 3.5849E-10 -4.63E-12 0
356 0.96 0.5 1.7411E-10 -3.77E-12 0
357 0.94 0.5 8.418E-11 -1.36E-12 0
358 0.92 0.5 4.089E-11 -2.79E-12 0
359 0.9 0.5 2.021E-11 -2.6E-12 0
360 0.88 0.5 9.67E-12 -2.33E-12 0
361 0.86 0.5 5.21E-12 -4.83E-12 0
362 0.84 0.5 3.28E-12 -1.9E-12 0
363 0.82 0.5 1.86E-12 -2E-12 0
364 0.8 0.5 1.34E-12 -2.6E-13 0
365 0.78 0.5 7.6E-13 -4.14E-12 0
366 0.76 0.5 5E-13 -4.58E-12 0
367 0.74 0.5 5.2E-13 -4.41E-12 0
368 0.72 0.5 3.7E-13 -1.23E-12 0
369 0.7 0.5 4.2E-13 -1.08E-12 0
370 0.68 0.5 3.7E-13 -2.52E-12 0
371 0.66 0.5 2.5E-13 -3.21E-12 0
372 0.64 0.5 2.8E-13 -4.52E-12 0
373 0.62 0.5 1.6E-13 -3.14E-12 0
374 0.6 0.5 1.9E-13 -3.2E-12 0
375 0.58 0.5 2.4E-13 -2.08E-12 0
376 0.56 0.5 9E-14 -3.85E-12 0
377 0.54 0.5 1.8E-13 -2.97E-12 0
378 0.52 0.5 1.2E-13 -3.4E-12 0
379 0.5 0.5 4E-14 -2.43E-12 0
380 0.48 0.5 2.1E-13 -5.54E-12 0
381 0.46 0.5 -1E-14 -4.21E-12 0
382 0.44 0.5 2E-13 -4.6E-12 0
383 0.42 0.5 3.6E-13 -2.62E-12 0
384 0.4 0.5 2.2E-13 -4.38E-12 0
385 0.38 0.5 1.7E-13 -3.95E-12 0
386 0.36 0.5 3.1E-13 -4.12E-12 0
387 0.34 0.5 4.5E-13 -1.52E-12 0
388 0.32 0.5 1.3E-13 -5E-12 0
389 0.3 0.5 2.2E-13 -4.9E-12 0
390 0.28 0.5 4.2E-13 -4.66E-12 0
391 0.26 0.5 2.5E-13 -2.66E-12 0
392 0.24 0.5 4.8E-13 -2.45E-12 0
393 0.22 0.5 7.4E-13 -7.9E-13 0
394 0.2 0.5 5.4E-13 -4.85E-12 0
395 0.18 0.5 9E-13 -4.12E-12 0
396 0.16 0.5 7.8E-13 -2.37E-12 0
397 0.14 0.5 1.01E-12 -1.83E-12 0
398 0.12 0.5 1.37E-12 -2.4E-12 0
399 0.1 0.5 1.55E-12 -4.31E-12 0
400 0.08 0.5 1.78E-12 -4.14E-12 0
401 0.06 0.5 2.56E-12 -4.49E-12 0
402 0.04 0.5 3.11E-12 -2.41E-12 0
403 0.02 0.5 4.37E-12 -3.34E-12 0
404 0 0.5 5.39E-12 -3.68E-12 0
