FET Vds-Id
VG= 0 to -2 in -0.02 step
VDS= -0.05 to -0.5 in -0.45 step
NO. VG VDS ID IG VSUB
 V V A A V
1 0 -0.05 -1.2E-12 6.2E-13 0
2 -0.02 -0.05 -1.11E-12 -3.47E-12 0
3 -0.04 -0.05 -1.27E-12 -4.3E-12 0
4 -0.06 -0.05 -1.25E-12 -4.47E-12 0
5 -0.08 -0.05 -1.1E-12 -4.09E-12 0
6 -0.1 -0.05 -1.13E-12 -5.24E-12 0
7 -0.12 -0.05 -1.02E-12 -5.39E-12 0
8 -0.14 -0.05 -1.07E-12 -5.99E-12 0
9 -0.16 -0.05 -1.01E-12 -5.76E-12 0
10 -0.18 -0.05 -9.6E-13 -5.99E-12 0
11 -0.2 -0.05 -1E-12 -5.4E-12 0
12 -0.22 -0.05 -1.03E-12 -6.69E-12 0
13 -0.24 -0.05 -1.08E-12 -5.67E-12 0
14 -0.26 -0.05 -1.16E-12 -6.37E-12 0
15 -0.28 -0.05 -1.06E-12 -6.2E-12 0
16 -0.3 -0.05 -1.02E-12 -7.19E-12 0
17 -0.32 -0.05 -1E-12 -5.89E-12 0
18 -0.34 -0.05 -1E-12 -7.05E-12 0
19 -0.36 -0.05 -8.7E-13 -5.95E-12 0
20 -0.38 -0.05 -9E-13 -7.36E-12 0
21 -0.4 -0.05 -8.2E-13 -6.07E-12 0
22 -0.42 -0.05 -8.3E-13 -6.88E-12 0
23 -0.44 -0.05 -7.4E-13 -6.02E-12 0
24 -0.46 -0.05 -7.2E-13 -6.71E-12 0
25 -0.48 -0.05 -7.8E-13 -6.61E-12 0
26 -0.5 -0.05 -7.7E-13 -7.8E-12 0
27 -0.52 -0.05 -7.9E-13 -6.74E-12 0
28 -0.54 -0.05 -8E-13 -7.65E-12 0
29 -0.56 -0.05 -6.9E-13 -6.58E-12 0
30 -0.58 -0.05 -6.8E-13 -7.41E-12 0
31 -0.6 -0.05 -7.3E-13 -6.7E-12 0
32 -0.62 -0.05 -7.4E-13 -7.36E-12 0
33 -0.64 -0.05 -6.7E-13 -6.9E-12 0
34 -0.66 -0.05 -6.8E-13 -7.82E-12 0
35 -0.68 -0.05 -8.1E-13 -7.13E-12 0
36 -0.7 -0.05 -7.9E-13 -7.43E-12 0
37 -0.72 -0.05 -8.9E-13 -6.59E-12 0
38 -0.74 -0.05 -1.03E-12 -7.96E-12 0
39 -0.76 -0.05 -1.33E-12 -7.44E-12 0
40 -0.78 -0.05 -1.78E-12 -8.29E-12 0
41 -0.8 -0.05 -2.61E-12 -7.93E-12 0
42 -0.82 -0.05 -4.3E-12 -9.56E-12 0
43 -0.84 -0.05 -7.76E-12 -9.55E-12 0
44 -0.86 -0.05 -1.471E-11 -1.295E-11 0
45 -0.88 -0.05 -2.848E-11 -1.674E-11 0
46 -0.9 -0.05 -5.601E-11 -2.855E-11 0
47 -0.92 -0.05 -1.1138E-10 -4.87E-11 0
48 -0.94 -0.05 -2.2263E-10 -9.104E-11 0
49 -0.96 -0.05 -4.466E-10 -1.6792E-10 0
50 -0.98 -0.05 -9.4224E-10 -2.4803E-10 0
51 -1 -0.05 -2.00239E-09 -2.754E-10 0
52 -1.02 -0.05 -4.02337E-09 -2.906E-10 0
53 -1.04 -0.05 -7.7998E-09 -3.0581E-10 0
54 -1.06 -0.05 -1.45121E-08 -3.1455E-10 0
55 -1.08 -0.05 -2.57512E-08 -3.2552E-10 0
56 -1.1 -0.05 -4.30564E-08 -3.3893E-10 0
57 -1.12 -0.05 -6.79613E-08 -3.5698E-10 0
58 -1.14 -0.05 -1.009341E-07 -3.5992E-10 0
59 -1.16 -0.05 -1.41641E-07 -3.7517E-10 0
60 -1.18 -0.05 -1.88801E-07 -3.951E-10 0
61 -1.2 -0.05 -2.41619E-07 -3.9797E-10 0
62 -1.22 -0.05 -2.98581E-07 -4.0979E-10 0
63 -1.24 -0.05 -3.58469E-07 -4.1672E-10 0
64 -1.26 -0.05 -4.20223E-07 -4.31E-10 0
65 -1.28 -0.05 -4.83748E-07 -4.4679E-10 0
66 -1.3 -0.05 -5.48098E-07 -4.5537E-10 0
67 -1.32 -0.05 -6.12894E-07 -4.7014E-10 0
68 -1.34 -0.05 -6.77666E-07 -4.8317E-10 0
69 -1.36 -0.05 -7.42704E-07 -4.9697E-10 0
70 -1.38 -0.05 -8.07496E-07 -4.933E-10 0
71 -1.4 -0.05 -8.72008E-07 -5.334E-10 0
72 -1.42 -0.05 -9.35869E-07 -5.8036E-10 0
73 -1.44 -0.05 -9.99554E-07 -5.5783E-10 0
74 -1.46 -0.05 -1.062772E-06 -5.7326E-10 0
75 -1.48 -0.05 -1.125542E-06 -5.7749E-10 0
76 -1.5 -0.05 -1.18579E-06 -5.8233E-10 0
77 -1.52 -0.05 -1.24698E-06 -6.0983E-10 0
78 -1.54 -0.05 -1.30768E-06 -6.1684E-10 0
79 -1.56 -0.05 -1.36753E-06 -6.3416E-10 0
80 -1.58 -0.05 -1.42699E-06 -6.4567E-10 0
81 -1.6 -0.05 -1.48572E-06 -6.7189E-10 0
82 -1.62 -0.05 -1.54391E-06 -6.8303E-10 0
83 -1.64 -0.05 -1.60127E-06 -7.0567E-10 0
84 -1.66 -0.05 -1.65833E-06 -7.3075E-10 0
85 -1.68 -0.05 -1.71473E-06 -7.5112E-10 0
86 -1.7 -0.05 -1.77054E-06 -8.1149E-10 0
87 -1.72 -0.05 -1.82554E-06 -7.9114E-10 0
88 -1.74 -0.05 -1.88028E-06 -8.1418E-10 0
89 -1.76 -0.05 -1.93439E-06 -8.4067E-10 0
90 -1.78 -0.05 -1.98794E-06 -8.6428E-10 0
91 -1.8 -0.05 -2.04072E-06 -8.8922E-10 0
92 -1.82 -0.05 -2.09319E-06 -9.1238E-10 0
93 -1.84 -0.05 -2.14519E-06 -9.4451E-10 0
94 -1.86 -0.05 -2.19661E-06 -1.01894E-09 0
95 -1.88 -0.05 -2.24739E-06 -1.04822E-09 0
96 -1.9 -0.05 -2.29779E-06 -1.07886E-09 0
97 -1.92 -0.05 -2.34775E-06 -1.11357E-09 0
98 -1.94 -0.05 -2.3973E-06 -1.08215E-09 0
99 -1.96 -0.05 -2.44621E-06 -1.11266E-09 0
100 -1.98 -0.05 -2.49481E-06 -1.15238E-09 0
101 -2 -0.05 -2.54291E-06 -1.18432E-09 0
102 -2 -0.05 -2.54294E-06 -1.18872E-09 0
103 -1.98 -0.05 -2.49496E-06 -1.14609E-09 0
104 -1.96 -0.05 -2.44652E-06 -1.11312E-09 0
105 -1.94 -0.05 -2.39782E-06 -1.08618E-09 0
106 -1.92 -0.05 -2.34835E-06 -1.04888E-09 0
107 -1.9 -0.05 -2.29844E-06 -1.03619E-09 0
108 -1.88 -0.05 -2.24798E-06 -9.897E-10 0
109 -1.86 -0.05 -2.19741E-06 -9.6394E-10 0
110 -1.84 -0.05 -2.14602E-06 -9.3276E-10 0
111 -1.82 -0.05 -2.09417E-06 -9.0795E-10 0
112 -1.8 -0.05 -2.04176E-06 -8.8681E-10 0
113 -1.78 -0.05 -1.98905E-06 -8.5722E-10 0
114 -1.76 -0.05 -1.9356E-06 -8.3763E-10 0
115 -1.74 -0.05 -1.88147E-06 -8.119E-10 0
116 -1.72 -0.05 -1.82691E-06 -7.9335E-10 0
117 -1.7 -0.05 -1.77201E-06 -7.676E-10 0
118 -1.68 -0.05 -1.71624E-06 -7.4358E-10 0
119 -1.66 -0.05 -1.65992E-06 -7.2046E-10 0
120 -1.64 -0.05 -1.60287E-06 -7.0013E-10 0
121 -1.62 -0.05 -1.54559E-06 -6.849E-10 0
122 -1.6 -0.05 -1.48747E-06 -6.9106E-10 0
123 -1.58 -0.05 -1.42871E-06 -6.4485E-10 0
124 -1.56 -0.05 -1.3693E-06 -6.3478E-10 0
125 -1.54 -0.05 -1.30952E-06 -6.115E-10 0
126 -1.52 -0.05 -1.2489E-06 -5.9258E-10 0
127 -1.5 -0.05 -1.18765E-06 -5.7444E-10 0
128 -1.48 -0.05 -1.12603E-06 -5.7628E-10 0
129 -1.46 -0.05 -1.06361E-06 -5.6056E-10 0
130 -1.44 -0.05 -1.00165E-06 -5.7118E-10 0
131 -1.42 -0.05 -9.38023E-07 -5.0849E-10 0
132 -1.4 -0.05 -8.74235E-07 -4.417E-10 0
133 -1.38 -0.05 -8.09799E-07 -5.0109E-10 0
134 -1.36 -0.05 -7.45011E-07 -4.6474E-10 0
135 -1.34 -0.05 -6.80017E-07 -4.4771E-10 0
136 -1.32 -0.05 -6.15308E-07 -4.4859E-10 0
137 -1.3 -0.05 -5.50499E-07 -4.3589E-10 0
138 -1.28 -0.05 -4.86155E-07 -4.3698E-10 0
139 -1.26 -0.05 -4.22661E-07 -4.4229E-10 0
140 -1.24 -0.05 -3.60914E-07 -4.1923E-10 0
141 -1.22 -0.05 -3.00938E-07 -3.8231E-10 0
142 -1.2 -0.05 -2.43971E-07 -3.9157E-10 0
143 -1.18 -0.05 -1.91076E-07 -3.6565E-10 0
144 -1.16 -0.05 -1.43752E-07 -3.5833E-10 0
145 -1.14 -0.05 -1.02932E-07 -3.3846E-10 0
146 -1.12 -0.05 -6.97315E-08 -3.3342E-10 0
147 -1.1 -0.05 -4.45321E-08 -3.23E-10 0
148 -1.08 -0.05 -2.68638E-08 -3.2285E-10 0
149 -1.06 -0.05 -1.52606E-08 -3.0953E-10 0
150 -1.04 -0.05 -8.26974E-09 -2.9824E-10 0
151 -1.02 -0.05 -4.29421E-09 -2.7822E-10 0
152 -1 -0.05 -2.13369E-09 -2.6848E-10 0
153 -0.98 -0.05 -1.01071E-09 -2.419E-10 0
154 -0.96 -0.05 -4.8093E-10 -1.6094E-10 0
155 -0.94 -0.05 -2.4071E-10 -8.42E-11 0
156 -0.92 -0.05 -1.2143E-10 -4.226E-11 0
157 -0.9 -0.05 -6.163E-11 -2.225E-11 0
158 -0.88 -0.05 -3.15E-11 -1.168E-11 0
159 -0.86 -0.05 -1.633E-11 -6.88E-12 0
160 -0.84 -0.05 -8.73E-12 -4.88E-12 0
161 -0.82 -0.05 -4.92E-12 -3.99E-12 0
162 -0.8 -0.05 -2.96E-12 -2.39E-12 0
163 -0.78 -0.05 -2E-12 -2.73E-12 0
164 -0.76 -0.05 -1.43E-12 -2.38E-12 0
165 -0.74 -0.05 -1.15E-12 -2.57E-12 0
166 -0.72 -0.05 -1.06E-12 -2.16E-12 0
167 -0.7 -0.05 -9.5E-13 -1.42E-12 0
168 -0.68 -0.05 -9E-13 -2.07E-12 0
169 -0.66 -0.05 -8.5E-13 -2.34E-12 0
170 -0.64 -0.05 -8.4E-13 -1.57E-12 0
171 -0.62 -0.05 -7.7E-13 -2.27E-12 0
172 -0.6 -0.05 -7.2E-13 -1.71E-12 0
173 -0.58 -0.05 -8.6E-13 -2.76E-12 0
174 -0.56 -0.05 -6.3E-13 -1.4E-12 0
175 -0.54 -0.05 -6.1E-13 -5E-13 0
176 -0.52 -0.05 -7.1E-13 -8.8E-13 0
177 -0.5 -0.05 -8.4E-13 -1.86E-12 0
178 -0.48 -0.05 -8.6E-13 -1.84E-12 0
179 -0.46 -0.05 -8.2E-13 -1.76E-12 0
180 -0.44 -0.05 -7.5E-13 -1.46E-12 0
181 -0.42 -0.05 -7.9E-13 -1.26E-12 0
182 -0.4 -0.05 -8.5E-13 -1.21E-12 0
183 -0.38 -0.05 -8.5E-13 -8.7E-13 0
184 -0.36 -0.05 -9.4E-13 -1.15E-12 0
185 -0.34 -0.05 -8.8E-13 -6.8E-13 0
186 -0.32 -0.05 -7.1E-13 -1.19E-12 0
187 -0.3 -0.05 -6.9E-13 -7.8E-13 0
188 -0.28 -0.05 -9.1E-13 2E-14 0
189 -0.26 -0.05 -8.3E-13 0 0
190 -0.24 -0.05 -9.2E-13 1.1E-13 0
191 -0.22 -0.05 -8.9E-13 1.2E-13 0
192 -0.2 -0.05 -1.02E-12 -9.6E-13 0
193 -0.18 -0.05 -1.08E-12 -7.5E-13 0
194 -0.16 -0.05 -1.03E-12 -8.6E-13 0
195 -0.14 -0.05 -9.9E-13 -4.4E-13 0
196 -0.12 -0.05 -1.09E-12 -2.9E-13 0
197 -0.1 -0.05 -1.01E-12 2.5E-13 0
198 -0.08 -0.05 -1.08E-12 3.1E-13 0
199 -0.06 -0.05 -1.08E-12 -6.1E-13 0
200 -0.04 -0.05 -1.07E-12 4.7E-13 0
201 -0.02 -0.05 -1.12E-12 1.52E-12 0
202 0 -0.05 -1.15E-12 3.22E-12 0
203 0 -0.5 -2.449E-11 2.29E-12 0
204 -0.02 -0.5 -2.242E-11 -1E-13 0
205 -0.04 -0.5 -2.05E-11 -2.49E-12 0
206 -0.06 -0.5 -1.88E-11 -3.28E-12 0
207 -0.08 -0.5 -1.714E-11 -3.81E-12 0
208 -0.1 -0.5 -1.595E-11 -3.61E-12 0
209 -0.12 -0.5 -1.461E-11 -3.72E-12 0
210 -0.14 -0.5 -1.343E-11 -3.91E-12 0
211 -0.16 -0.5 -1.235E-11 -4.92E-12 0
212 -0.18 -0.5 -1.149E-11 -4.8E-12 0
213 -0.2 -0.5 -1.057E-11 -4.94E-12 0
214 -0.22 -0.5 -9.94E-12 -4.95E-12 0
215 -0.24 -0.5 -9.27E-12 -5.27E-12 0
216 -0.26 -0.5 -8.65E-12 -5.52E-12 0
217 -0.28 -0.5 -8.07E-12 -5.33E-12 0
218 -0.3 -0.5 -7.56E-12 -5.61E-12 0
219 -0.32 -0.5 -7.09E-12 -5.69E-12 0
220 -0.34 -0.5 -6.72E-12 -6.45E-12 0
221 -0.36 -0.5 -6.32E-12 -5.43E-12 0
222 -0.38 -0.5 -6.01E-12 -5.84E-12 0
223 -0.4 -0.5 -5.7E-12 -5.4E-12 0
224 -0.42 -0.5 -5.44E-12 -6.45E-12 0
225 -0.44 -0.5 -5.17E-12 -6.08E-12 0
226 -0.46 -0.5 -4.91E-12 -6.43E-12 0
227 -0.48 -0.5 -4.64E-12 -6.21E-12 0
228 -0.5 -0.5 -4.48E-12 -6.94E-12 0
229 -0.52 -0.5 -4.39E-12 -6.78E-12 0
230 -0.54 -0.5 -4.27E-12 -6.56E-12 0
231 -0.56 -0.5 -4.09E-12 -6.33E-12 0
232 -0.58 -0.5 -3.91E-12 -7E-12 0
233 -0.6 -0.5 -3.75E-12 -7.42E-12 0
234 -0.62 -0.5 -3.61E-12 -7.4E-12 0
235 -0.64 -0.5 -3.44E-12 -6.42E-12 0
236 -0.66 -0.5 -3.32E-12 -6.87E-12 0
237 -0.68 -0.5 -3.3E-12 -6.91E-12 0
238 -0.7 -0.5 -3.17E-12 -7.15E-12 0
239 -0.72 -0.5 -3.25E-12 -6.77E-12 0
240 -0.74 -0.5 -3.34E-12 -7.58E-12 0
241 -0.76 -0.5 -3.73E-12 -7.36E-12 0
242 -0.78 -0.5 -4.2E-12 -8.16E-12 0
243 -0.8 -0.5 -5.36E-12 -6.88E-12 0
244 -0.82 -0.5 -7.69E-12 -7.96E-12 0
245 -0.84 -0.5 -1.254E-11 -8.29E-12 0
246 -0.86 -0.5 -2.243E-11 -1.069E-11 0
247 -0.88 -0.5 -4.212E-11 -1.286E-11 0
248 -0.9 -0.5 -8.147E-11 -2.044E-11 0
249 -0.92 -0.5 -1.5977E-10 -3.294E-11 0
250 -0.94 -0.5 -3.1578E-10 -6.293E-11 0
251 -0.96 -0.5 -6.2599E-10 -1.1844E-10 0
252 -0.98 -0.5 -1.25491E-09 -2.1181E-10 0
253 -1 -0.5 -2.58999E-09 -2.5759E-10 0
254 -1.02 -0.5 -5.17299E-09 -2.7546E-10 0
255 -1.04 -0.5 -1.004127E-08 -2.9434E-10 0
256 -1.06 -0.5 -1.87014E-08 -3.1151E-10 0
257 -1.08 -0.5 -3.35251E-08 -3.0267E-10 0
258 -1.1 -0.5 -5.70858E-08 -3.2481E-10 0
259 -1.12 -0.5 -9.26237E-08 -3.2993E-10 0
260 -1.14 -0.5 -1.42957E-07 -3.3849E-10 0
261 -1.16 -0.5 -2.10465E-07 -3.4563E-10 0
262 -1.18 -0.5 -2.96588E-07 -3.567E-10 0
263 -1.2 -0.5 -4.03668E-07 -3.6655E-10 0
264 -1.22 -0.5 -5.3254E-07 -3.8031E-10 0
265 -1.24 -0.5 -6.84164E-07 -3.8771E-10 0
266 -1.26 -0.5 -8.58201E-07 -4.0603E-10 0
267 -1.28 -0.5 -1.056817E-06 -4.0539E-10 0
268 -1.3 -0.5 -1.27949E-06 -4.2972E-10 0
269 -1.32 -0.5 -1.52622E-06 -4.2561E-10 0
270 -1.34 -0.5 -1.79573E-06 -4.294E-10 0
271 -1.36 -0.5 -2.09079E-06 -4.4981E-10 0
272 -1.38 -0.5 -2.40974E-06 -4.7345E-10 0
273 -1.4 -0.5 -2.75233E-06 -4.5752E-10 0
274 -1.42 -0.5 -3.11713E-06 -4.632E-10 0
275 -1.44 -0.5 -3.50699E-06 -4.7347E-10 0
276 -1.46 -0.5 -3.92043E-06 -4.9126E-10 0
277 -1.48 -0.5 -4.35676E-06 -5.0013E-10 0
278 -1.5 -0.5 -4.81404E-06 -5.3183E-10 0
279 -1.52 -0.5 -5.29568E-06 -5.4201E-10 0
280 -1.54 -0.5 -5.79873E-06 -5.4933E-10 0
281 -1.56 -0.5 -6.32048E-06 -5.6823E-10 0
282 -1.58 -0.5 -6.86434E-06 -5.7893E-10 0
283 -1.6 -0.5 -7.42563E-06 -5.7726E-10 0
284 -1.62 -0.5 -8.00199E-06 -5.8526E-10 0
285 -1.64 -0.5 -8.58853E-06 -5.7841E-10 0
286 -1.66 -0.5 -9.18676E-06 -5.9291E-10 0
287 -1.68 -0.5 -9.79078E-06 -5.9914E-10 0
288 -1.7 -0.5 -1.039795E-05 -6.1301E-10 0
289 -1.72 -0.5 -1.100282E-05 -6.5607E-10 0
290 -1.74 -0.5 -1.16092E-05 -6.3551E-10 0
291 -1.76 -0.5 -1.22127E-05 -6.6062E-10 0
292 -1.78 -0.5 -1.28126E-05 -6.6977E-10 0
293 -1.8 -0.5 -1.34063E-05 -6.8275E-10 0
294 -1.82 -0.5 -1.39975E-05 -7.2928E-10 0
295 -1.84 -0.5 -1.45828E-05 -7.4396E-10 0
296 -1.86 -0.5 -1.51632E-05 -7.2692E-10 0
297 -1.88 -0.5 -1.57356E-05 -7.5276E-10 0
298 -1.9 -0.5 -1.63049E-05 -7.6331E-10 0
299 -1.92 -0.5 -1.68687E-05 -7.3324E-10 0
300 -1.94 -0.5 -1.74268E-05 -7.9659E-10 0
301 -1.96 -0.5 -1.7977E-05 -8.2812E-10 0
302 -1.98 -0.5 -1.8524E-05 -8.4741E-10 0
303 -2 -0.5 -1.90651E-05 -8.6598E-10 0
304 -2 -0.5 -1.90655E-05 -8.6375E-10 0
305 -1.98 -0.5 -1.85253E-05 -8.4647E-10 0
306 -1.96 -0.5 -1.79794E-05 -8.2634E-10 0
307 -1.94 -0.5 -1.743E-05 -8.0141E-10 0
308 -1.92 -0.5 -1.68726E-05 -7.7647E-10 0
309 -1.9 -0.5 -1.63097E-05 -7.6299E-10 0
310 -1.88 -0.5 -1.57413E-05 -7.4147E-10 0
311 -1.86 -0.5 -1.51694E-05 -7.3171E-10 0
312 -1.84 -0.5 -1.45895E-05 -7.2633E-10 0
313 -1.82 -0.5 -1.40047E-05 -6.9599E-10 0
314 -1.8 -0.5 -1.3414E-05 -6.8186E-10 0
315 -1.78 -0.5 -1.28212E-05 -6.6832E-10 0
316 -1.76 -0.5 -1.22216E-05 -6.5064E-10 0
317 -1.74 -0.5 -1.16184E-05 -6.4739E-10 0
318 -1.72 -0.5 -1.1013E-05 -6.3697E-10 0
319 -1.7 -0.5 -1.04081E-05 -6.0624E-10 0
320 -1.68 -0.5 -9.80159E-06 -6.0259E-10 0
321 -1.66 -0.5 -9.19818E-06 -5.8085E-10 0
322 -1.64 -0.5 -8.60032E-06 -5.6867E-10 0
323 -1.62 -0.5 -8.01396E-06 -5.559E-10 0
324 -1.6 -0.5 -7.43766E-06 -5.4439E-10 0
325 -1.58 -0.5 -6.8769E-06 -5.3607E-10 0
326 -1.56 -0.5 -6.33341E-06 -5.2712E-10 0
327 -1.54 -0.5 -5.81183E-06 -4.9395E-10 0
328 -1.52 -0.5 -5.30856E-06 -5.0941E-10 0
329 -1.5 -0.5 -4.82755E-06 -4.9434E-10 0
330 -1.48 -0.5 -4.37032E-06 -4.8174E-10 0
331 -1.46 -0.5 -3.93406E-06 -4.7275E-10 0
332 -1.44 -0.5 -3.52078E-06 -4.6388E-10 0
333 -1.42 -0.5 -3.13107E-06 -4.69E-10 0
334 -1.4 -0.5 -2.76629E-06 -4.504E-10 0
335 -1.38 -0.5 -2.4235E-06 -4.4631E-10 0
336 -1.36 -0.5 -2.10457E-06 -4.3068E-10 0
337 -1.34 -0.5 -1.80935E-06 -4.2736E-10 0
338 -1.32 -0.5 -1.53905E-06 -4.1883E-10 0
339 -1.3 -0.5 -1.29141E-06 -4.0717E-10 0
340 -1.28 -0.5 -1.06755E-06 -4.0945E-10 0
341 -1.26 -0.5 -8.67389E-07 -3.7416E-10 0
342 -1.24 -0.5 -6.91632E-07 -3.7933E-10 0
343 -1.22 -0.5 -5.38528E-07 -3.7211E-10 0
344 -1.2 -0.5 -4.08379E-07 -3.7617E-10 0
345 -1.18 -0.5 -3.00129E-07 -3.5779E-10 0
346 -1.16 -0.5 -2.1316E-07 -3.5598E-10 0
347 -1.14 -0.5 -1.45095E-07 -3.5425E-10 0
348 -1.12 -0.5 -9.42792E-08 -3.4419E-10 0
349 -1.1 -0.5 -5.83278E-08 -3.3365E-10 0
350 -1.08 -0.5 -3.43812E-08 -3.2534E-10 0
351 -1.06 -0.5 -1.92378E-08 -3.0853E-10 0
352 -1.04 -0.5 -1.03204E-08 -2.9815E-10 0
353 -1.02 -0.5 -5.33152E-09 -2.7849E-10 0
354 -1 -0.5 -2.67172E-09 -2.5733E-10 0
355 -0.98 -0.5 -1.29969E-09 -2.0481E-10 0
356 -0.96 -0.5 -6.5225E-10 -1.0883E-10 0
357 -0.94 -0.5 -3.3146E-10 -5.422E-11 0
358 -0.92 -0.5 -1.6853E-10 -2.671E-11 0
359 -0.9 -0.5 -8.632E-11 -1.525E-11 0
360 -0.88 -0.5 -4.489E-11 -7.7E-12 0
361 -0.86 -0.5 -2.406E-11 -6.1E-12 0
362 -0.84 -0.5 -1.352E-11 -2.83E-12 0
363 -0.82 -0.5 -8.31E-12 -3.21E-12 0
364 -0.8 -0.5 -5.67E-12 -8.9E-13 0
365 -0.78 -0.5 -4.36E-12 -3.1E-12 0
366 -0.76 -0.5 -3.78E-12 -1.43E-12 0
367 -0.74 -0.5 -3.39E-12 -2.73E-12 0
368 -0.72 -0.5 -3.09E-12 -5.4E-13 0
369 -0.7 -0.5 -3.2E-12 -2.28E-12 0
370 -0.68 -0.5 -3.14E-12 -1.8E-13 0
371 -0.66 -0.5 -3.21E-12 -2.1E-12 0
372 -0.64 -0.5 -3.21E-12 -2.4E-13 0
373 -0.62 -0.5 -3.37E-12 -2.03E-12 0
374 -0.6 -0.5 -3.58E-12 -4.4E-13 0
375 -0.58 -0.5 -3.77E-12 -2.73E-12 0
376 -0.56 -0.5 -3.86E-12 -5.2E-13 0
377 -0.54 -0.5 -4.13E-12 -1.95E-12 0
378 -0.52 -0.5 -4.2E-12 -2.9E-13 0
379 -0.5 -0.5 -4.42E-12 -2.08E-12 0
380 -0.48 -0.5 -4.59E-12 -7.6E-13 0
381 -0.46 -0.5 -4.82E-12 -2.01E-12 0
382 -0.44 -0.5 -5.08E-12 -3.8E-13 0
383 -0.42 -0.5 -5.31E-12 -2.22E-12 0
384 -0.4 -0.5 -5.57E-12 -6.6E-13 0
385 -0.38 -0.5 -5.84E-12 -2.12E-12 0
386 -0.36 -0.5 -6.29E-12 -6E-14 0
387 -0.34 -0.5 -6.54E-12 -1.59E-12 0
388 -0.32 -0.5 -7.06E-12 -3.6E-13 0
389 -0.3 -0.5 -7.59E-12 -2.14E-12 0
390 -0.28 -0.5 -8.12E-12 -2.7E-13 0
391 -0.26 -0.5 -8.81E-12 -3.07E-12 0
392 -0.24 -0.5 -9.43E-12 -1.52E-12 0
393 -0.22 -0.5 -1.006E-11 -2.9E-12 0
394 -0.2 -0.5 -1.072E-11 -4.2E-13 0
395 -0.18 -0.5 -1.143E-11 -1.75E-12 0
396 -0.16 -0.5 -1.213E-11 9E-14 0
397 -0.14 -0.5 -1.313E-11 -1.76E-12 0
398 -0.12 -0.5 -1.422E-11 6E-14 0
399 -0.1 -0.5 -1.547E-11 -8E-13 0
400 -0.08 -0.5 -1.695E-11 7.6E-13 0
401 -0.06 -0.5 -1.837E-11 -5.4E-13 0
402 -0.04 -0.5 -2.003E-11 1.97E-12 0
403 -0.02 -0.5 -2.198E-11 1.62E-12 0
404 0 -0.5 -2.39E-11 4.07E-12 0
