FET Vds-Id
VDS= 0 to -2 in -0.05 step
VG= 0 to -2 in -0.5 step
NO. VG VDS VS ID IS IG ISUB VSUB
 V V V A A A A V
1 0 0 0 -1.5E-13 6.25E-12 -1.2E-13 -1E-13 0
2 0 -0.05 0 -1.6E-13 5.37E-12 -9E-14 2.7E-13 0
3 0 -0.1 0 -4.3E-13 5.51E-12 4.5E-13 2.9E-13 0
4 0 -0.15 0 -3.5E-13 5.33E-12 -3.3E-13 2.9E-13 0
5 0 -0.2 0 -3.9E-13 5.58E-12 3E-13 3.4E-13 0
6 0 -0.25 0 -4.3E-13 4.97E-12 -1.9E-13 2.9E-13 0
7 0 -0.3 0 -3.9E-13 5.89E-12 4.2E-13 3.2E-13 0
8 0 -0.35 0 -6.3E-13 4.75E-12 -4.9E-13 3.8E-13 0
9 0 -0.4 0 -3.6E-13 6.71E-12 1.03E-12 5.5E-13 0
10 0 -0.45 0 -3.5E-13 4.51E-12 3.1E-13 1.2E-13 0
11 0 -0.5 0 -7.1E-13 5.07E-12 -1.5E-13 2.6E-13 0
12 0 -0.55 0 -6.3E-13 4.84E-12 -5.4E-13 3.4E-13 0
13 0 -0.6 0 -1E-14 8.17E-12 3.39E-12 4.8E-13 0
14 0 -0.65 0 -7.5E-13 6.26E-12 -7.6E-13 5.1E-13 0
15 0 -0.7 0 -6.9E-13 6.08E-12 6.4E-13 3.4E-13 0
16 0 -0.75 0 -8E-13 3.46E-12 -1.42E-12 6.3E-13 0
17 0 -0.8 0 -5E-13 6.6E-12 2.22E-12 6.1E-13 0
18 0 -0.85 0 -8.5E-13 6.9E-12 4.5E-13 6.6E-13 0
19 0 -0.9 0 -1.2E-12 6.34E-12 5.6E-13 7.7E-13 0
20 0 -0.95 0 -9.9E-13 4.34E-12 -9.5E-13 8.9E-13 0
21 0 -1 0 -1.01E-12 7.12E-12 1.18E-12 1E-12 0
22 0 -1.05 0 -1.05E-12 4.38E-12 -2.9E-13 1.05E-12 0
23 0 -1.1 0 -1.61E-12 6.71E-12 9.7E-13 1.27E-12 0
24 0 -1.15 0 -1.62E-12 3.08E-12 -3.1E-13 1.3E-12 0
25 0 -1.2 0 -1.78E-12 6.63E-12 1.55E-12 1.7E-12 0
26 0 -1.25 0 -2.05E-12 3.64E-12 -8.3E-13 2.43E-12 0
27 0 -1.3 0 -2.16E-12 7.6E-12 1.55E-12 2.39E-12 0
28 0 -1.35 0 -2.37E-12 3.16E-12 4.2E-13 2.01E-12 0
29 0 -1.4 0 -3.77E-12 6.07E-12 -8.4E-13 2.82E-12 0
30 0 -1.45 0 -3.84E-12 3.83E-12 -1.7E-12 2.88E-12 0
31 0 -1.5 0 -3.9E-12 5.11E-12 1.1E-12 3.47E-12 0
32 0 -1.55 0 -3.96E-12 3.77E-12 6.3E-13 3.62E-12 0
33 0 -1.6 0 -4.37E-12 4.43E-12 0 3.98E-12 0
34 0 -1.65 0 -6.01E-12 3.49E-12 -2.29E-12 4.85E-12 0
35 0 -1.7 0 -5.92E-12 3.45E-12 -1.59E-12 5.44E-12 0
36 0 -1.75 0 -6.3E-12 5.59E-12 1.01E-12 6.01E-12 0
37 0 -1.8 0 -7.84E-12 4.26E-12 -2.4E-12 6.79E-12 0
38 0 -1.85 0 -8.1E-12 4.79E-12 3.8E-13 7.53E-12 0
39 0 -1.9 0 -8.43E-12 4.35E-12 3.6E-13 8.45E-12 0
40 0 -1.95 0 -9.8E-12 5.19E-12 6.6E-13 9.34E-12 0
41 0 -2 0 -1.085E-11 4.43E-12 -3.8E-13 1.054E-11 0
42 0 -2 0 -1.081E-11 4.63E-12 -5.7E-13 1.049E-11 0
43 0 -1.95 0 -9.51E-12 4.27E-12 1.32E-12 9.47E-12 0
44 0 -1.9 0 -8.6E-12 6.01E-12 1.38E-12 8.52E-12 0
45 0 -1.85 0 -7.67E-12 4.96E-12 9E-13 7.54E-12 0
46 0 -1.8 0 -6.81E-12 4.34E-12 3.7E-13 6.64E-12 0
47 0 -1.75 0 -5.99E-12 7.48E-12 5.52E-12 6.13E-12 0
48 0 -1.7 0 -5.27E-12 4.42E-12 3.8E-13 5.43E-12 0
49 0 -1.65 0 -5.24E-12 4.37E-12 1.18E-12 4.71E-12 0
50 0 -1.6 0 -4.35E-12 3.66E-12 -1E-12 4.4E-12 0
51 0 -1.55 0 -3.86E-12 5.48E-12 3.37E-12 3.9E-12 0
52 0 -1.5 0 -2.71E-12 7.44E-12 2.84E-12 3.6E-12 0
53 0 -1.45 0 -2.46E-12 5.67E-12 2.18E-12 3.11E-12 0
54 0 -1.4 0 -4.55E-12 1.32E-12 -4.36E-12 2.63E-12 0
55 0 -1.35 0 -1.48E-12 5.12E-12 2.97E-12 2.45E-12 0
56 0 -1.3 0 -2.19E-12 5.51E-12 1.23E-12 1.97E-12 0
57 0 -1.25 0 -2.37E-12 2.06E-12 -1.66E-12 1.72E-12 0
58 0 -1.2 0 -1.69E-12 5.25E-12 8.6E-13 1.62E-12 0
59 0 -1.15 0 -1.3E-12 3.65E-12 -2.8E-13 1.33E-12 0
60 0 -1.1 0 -1.1E-12 5.63E-12 1.22E-12 1.26E-12 0
61 0 -1.05 0 -8.3E-13 4.3E-12 3.2E-13 1.08E-12 0
62 0 -1 0 -8.2E-13 5.41E-12 1.24E-12 8.5E-13 0
63 0 -0.95 0 -1.03E-12 2.75E-12 -1.23E-12 6.6E-13 0
64 0 -0.9 0 -5.6E-13 5.01E-12 1.21E-12 6.8E-13 0
65 0 -0.85 0 -5.9E-13 3.8E-12 -8E-13 7.5E-13 0
66 0 -0.8 0 -5.6E-13 4.93E-12 1E-12 5.6E-13 0
67 0 -0.75 0 -4.4E-13 3.23E-12 -6.7E-13 6.1E-13 0
68 0 -0.7 0 -5E-13 5.22E-12 8.7E-13 4.8E-13 0
69 0 -0.65 0 -3.9E-13 3.43E-12 -6.7E-13 4.7E-13 0
70 0 -0.6 0 -3.5E-13 5.24E-12 1.04E-12 3.7E-13 0
71 0 -0.55 0 -2.3E-13 4.89E-12 4E-14 7E-13 0
72 0 -0.5 0 -5.2E-13 4.05E-12 5.7E-13 3.5E-13 0
73 0 -0.45 0 -2.6E-13 3.69E-12 -1.23E-12 6.1E-13 0
74 0 -0.4 0 -5.7E-13 4.4E-12 5.9E-13 3.7E-13 0
75 0 -0.35 0 -1.8E-13 4.62E-12 1.25E-12 3.1E-13 0
76 0 -0.3 0 -2.8E-13 3.12E-12 -7.4E-13 3.4E-13 0
77 0 -0.25 0 -7E-14 5.6E-12 1.84E-12 3.2E-13 0
78 0 -0.2 0 -1.4E-13 2.78E-12 -8.6E-13 2.5E-13 0
79 0 -0.15 0 -1.2E-13 4.73E-12 1.37E-12 2.7E-13 0
80 0 -0.1 0 -1E-14 3.63E-12 -3.7E-13 3.9E-13 0
81 0 -0.05 0 3E-14 5.63E-12 1.96E-12 1.8E-13 0
82 0 0 0 1.6E-13 2.11E-12 -1.09E-12 -2.7E-13 0
83 -0.5 0 0 -8.8E-13 3.8E-12 -6.99E-12 9E-14 0
84 -0.5 -0.05 0 -3.7E-13 3.37E-12 -5.17E-12 4.1E-13 0
85 -0.5 -0.1 0 -2.3E-13 5.41E-12 -9E-14 2.8E-13 0
86 -0.5 -0.15 0 -2E-13 3.04E-12 -2.28E-12 2.9E-13 0
87 -0.5 -0.2 0 -3.5E-13 4.03E-12 -2.38E-12 3.9E-13 0
88 -0.5 -0.25 0 1.7E-13 7.39E-12 2.97E-12 4.4E-13 0
89 -0.5 -0.3 0 -8.8E-13 1.94E-12 -3.77E-12 2.1E-13 0
90 -0.5 -0.35 0 -5.1E-13 3.77E-12 -4.1E-13 2.2E-13 0
91 -0.5 -0.4 0 -6.8E-13 1.92E-12 -2.88E-12 3.5E-13 0
92 -0.5 -0.45 0 -7.1E-13 9.6E-12 1.87E-12 9.3E-13 0
93 -0.5 -0.5 0 -2.6E-13 2.77E-12 -5.3E-13 3.8E-13 0
94 -0.5 -0.55 0 -1.34E-12 4.56E-12 -6.2E-13 4.1E-13 0
95 -0.5 -0.6 0 -4E-13 2.38E-12 -1.49E-12 2.9E-13 0
96 -0.5 -0.65 0 -9.4E-13 5.78E-12 3.4E-13 5E-13 0
97 -0.5 -0.7 0 -4.6E-13 2.76E-12 -1.41E-12 4.9E-13 0
98 -0.5 -0.75 0 -5.5E-13 5.33E-12 1.09E-12 4.3E-13 0
99 -0.5 -0.8 0 -6.4E-13 2.98E-12 -2E-12 4.8E-13 0
100 -0.5 -0.85 0 -1.04E-12 4.28E-12 -3.2E-13 4.9E-13 0
101 -0.5 -0.9 0 -6.3E-13 2.42E-12 -1.77E-12 4.7E-13 0
102 -0.5 -0.95 0 -6.5E-13 5.24E-12 1.17E-12 5.2E-13 0
103 -0.5 -1 0 -6.5E-13 2.34E-12 -1.15E-12 5.2E-13 0
104 -0.5 -1.05 0 -6.8E-13 5.34E-12 1.24E-12 5.7E-13 0
105 -0.5 -1.1 0 -7.6E-13 2.73E-12 -1.69E-12 5.4E-13 0
106 -0.5 -1.15 0 -7E-13 5E-12 1.31E-12 6.3E-13 0
107 -0.5 -1.2 0 -8.9E-13 2.42E-12 -1.46E-12 6.4E-13 0
108 -0.5 -1.25 0 -8.3E-13 5.45E-12 1.41E-12 7.2E-13 0
109 -0.5 -1.3 0 -1.02E-12 2.08E-12 -1.77E-12 6.4E-13 0
110 -0.5 -1.35 0 -9.2E-13 5.44E-12 1.3E-12 8E-13 0
111 -0.5 -1.4 0 -1.05E-12 2.47E-12 -1.89E-12 8.2E-13 0
112 -0.5 -1.45 0 -1.23E-12 5.4E-12 1.65E-12 9.1E-13 0
113 -0.5 -1.5 0 -1.19E-12 2.29E-12 -1.58E-12 1.06E-12 0
114 -0.5 -1.55 0 -1.42E-12 5.4E-12 1.52E-12 1.07E-12 0
115 -0.5 -1.6 0 -1.66E-12 2.43E-12 -1.92E-12 1.25E-12 0
116 -0.5 -1.65 0 -1.74E-12 5.35E-12 1.59E-12 1.56E-12 0
117 -0.5 -1.7 0 -2.02E-12 2.89E-12 -1.49E-12 1.84E-12 0
118 -0.5 -1.75 0 -2.11E-12 4.37E-12 2.07E-12 1.8E-12 0
119 -0.5 -1.8 0 -1.32E-12 7.34E-12 5.41E-12 2.92E-12 0
120 -0.5 -1.85 0 -9.2E-13 7.47E-12 7.01E-12 2.48E-12 0
121 -0.5 -1.9 0 -3.09E-12 3.03E-12 -2.5E-13 2.78E-12 0
122 -0.5 -1.95 0 -3.84E-12 4.17E-12 -2E-14 2.79E-12 0
123 -0.5 -2 0 -5.34E-12 -5.49E-12 -8.42E-12 3.3E-12 0
124 -0.5 -2 0 -3.64E-12 1.42E-12 -2.28E-12 3.43E-12 0
125 -0.5 -1.95 0 -3.36E-12 3.28E-12 8.8E-13 3.09E-12 0
126 -0.5 -1.9 0 -3.33E-12 4.4E-13 -2.89E-12 2.61E-12 0
127 -0.5 -1.85 0 -3.22E-12 2.56E-12 -1.23E-12 2.31E-12 0
128 -0.5 -1.8 0 -2.33E-12 1.58E-12 -1.99E-12 2.27E-12 0
129 -0.5 -1.75 0 -1.98E-12 5.87E-12 1.87E-12 2.04E-12 0
130 -0.5 -1.7 0 -1.86E-12 1.93E-12 -1.97E-12 1.75E-12 0
131 -0.5 -1.65 0 -1.59E-12 5.25E-12 2.23E-12 1.48E-12 0
132 -0.5 -1.6 0 -1.33E-12 1.8E-12 -1.68E-12 1.39E-12 0
133 -0.5 -1.55 0 -1E-12 6.33E-12 2.97E-12 1.2E-12 0
134 -0.5 -1.5 0 -1.11E-12 4.23E-12 1.21E-12 9.8E-13 0
135 -0.5 -1.45 0 -1.03E-12 1.48E-12 -2.14E-12 9.3E-13 0
136 -0.5 -1.4 0 -8.8E-13 4.51E-12 1.31E-12 7.7E-13 0
137 -0.5 -1.35 0 -8.3E-13 9.9E-13 -1.56E-12 5E-13 0
138 -0.5 -1.3 0 -7.5E-13 5.92E-12 1.02E-12 1E-12 0
139 -0.5 -1.25 0 3.4E-13 7.95E-12 4.31E-12 5.2E-13 0
140 -0.5 -1.2 0 -1.24E-12 -3E-13 -1.57E-12 4.8E-13 0
141 -0.5 -1.15 0 -6E-13 1.14E-12 -2.74E-12 5.4E-13 0
142 -0.5 -1.1 0 -1.8E-13 6.09E-12 2.53E-12 6.5E-13 0
143 -0.5 -1.05 0 -3.2E-13 2.08E-12 -1.45E-12 4.6E-13 0
144 -0.5 -1 0 -1.7E-13 7.13E-12 3.1E-12 6.2E-13 0
145 -0.5 -0.95 0 -7.5E-13 1.93E-12 1.8E-13 1.4E-13 0
146 -0.5 -0.9 0 -1.7E-13 2.78E-12 -1.08E-12 5.7E-13 0
147 -0.5 -0.85 0 -1.4E-13 8.22E-12 4.19E-12 -2E-14 0
148 -0.5 -0.8 0 1E-13 2.12E-12 -2.2E-13 4.1E-13 0
149 -0.5 -0.75 0 -3.5E-13 5.35E-12 1.86E-12 5.6E-13 0
150 -0.5 -0.7 0 -2.6E-13 1.07E-12 -1.84E-12 3.5E-13 0
151 -0.5 -0.65 0 -5.8E-13 4.64E-12 8.5E-13 2.9E-13 0
152 -0.5 -0.6 0 -3.9E-13 3.86E-12 1.64E-12 4.5E-13 0
153 -0.5 -0.55 0 -4E-13 1.03E-12 -1.82E-12 3.2E-13 0
154 -0.5 -0.5 0 -3.8E-13 4.89E-12 1.55E-12 3.7E-13 0
155 -0.5 -0.45 0 -4.2E-13 1.35E-12 -2.71E-12 4.9E-13 0
156 -0.5 -0.4 0 -2.5E-13 5.03E-12 1.51E-12 3.4E-13 0
157 -0.5 -0.35 0 -3.6E-13 1.37E-12 -1.97E-12 3.2E-13 0
158 -0.5 -0.3 0 -2.7E-13 5.32E-12 1.85E-12 3.6E-13 0
159 -0.5 -0.25 0 -2.6E-13 3.85E-12 1.47E-12 3.3E-13 0
160 -0.5 -0.2 0 -1.6E-13 1.15E-12 -2.39E-12 2.3E-13 0
161 -0.5 -0.15 0 -2.8E-13 4.43E-12 1.51E-12 3.4E-13 0
162 -0.5 -0.1 0 -2E-13 1.45E-12 -1.41E-12 3E-13 0
163 -0.5 -0.05 0 -1.3E-13 4.75E-12 1.31E-12 2.4E-13 0
164 -0.5 0 0 1.7E-13 2.09E-12 -1.47E-12 0 0
165 -1 0 0 6.87938E-09 -7.4003E-09 -8.11E-12 -6E-14 0
166 -1 -0.05 0 -1.77173E-07 1.77892E-07 -5.53E-12 2.2E-13 0
167 -1 -0.1 0 -2.19823E-07 2.19846E-07 -1.51E-12 2.4E-13 0
168 -1 -0.15 0 -2.27517E-07 2.27548E-07 -3.52E-12 2.8E-13 0
169 -1 -0.2 0 -2.2911E-07 2.29123E-07 -2.5E-13 2.7E-13 0
170 -1 -0.25 0 -2.29632E-07 2.29671E-07 -3.04E-12 3E-13 0
171 -1 -0.3 0 -2.29992E-07 2.30013E-07 -5E-14 3.2E-13 0
172 -1 -0.35 0 -2.30277E-07 2.30296E-07 -2.36E-12 3.3E-13 0
173 -1 -0.4 0 -2.30556E-07 2.30555E-07 3.8E-13 4E-13 0
174 -1 -0.45 0 -2.30798E-07 2.30841E-07 -2.3E-12 4.4E-13 0
175 -1 -0.5 0 -2.3105E-07 2.3106E-07 5.3E-13 3.8E-13 0
176 -1 -0.55 0 -2.31262E-07 2.31279E-07 -2.03E-12 4.1E-13 0
177 -1 -0.6 0 -2.31471E-07 2.31473E-07 6.8E-13 3.7E-13 0
178 -1 -0.65 0 -2.31671E-07 2.31694E-07 -2.15E-12 4E-13 0
179 -1 -0.7 0 -2.31872E-07 2.31886E-07 5.8E-13 4.6E-13 0
180 -1 -0.75 0 -2.32045E-07 2.32061E-07 -1.46E-12 4.3E-13 0
181 -1 -0.8 0 -2.32229E-07 2.3223E-07 7.2E-13 4.5E-13 0
182 -1 -0.85 0 -2.32398E-07 2.32411E-07 -1.17E-12 5.4E-13 0
183 -1 -0.9 0 -2.32574E-07 2.32556E-07 5.4E-13 5.1E-13 0
184 -1 -0.95 0 -2.32729E-07 2.32727E-07 -1.16E-12 4.7E-13 0
185 -1 -1 0 -2.32881E-07 2.32885E-07 0 4.8E-13 0
186 -1 -1.05 0 -2.33016E-07 2.3303E-07 -1.86E-12 5.7E-13 0
187 -1 -1.1 0 -2.33242E-07 2.33192E-07 -2.5E-13 4.6E-13 0
188 -1 -1.15 0 -2.33328E-07 2.33338E-07 -1.2E-12 5.2E-13 0
189 -1 -1.2 0 -2.33473E-07 2.33479E-07 -1.47E-12 5E-13 0
190 -1 -1.25 0 -2.33608E-07 2.33639E-07 -2.1E-13 5.5E-13 0
191 -1 -1.3 0 -2.33769E-07 2.33775E-07 1.46E-12 6.5E-13 0
192 -1 -1.35 0 -2.33898E-07 2.33902E-07 3E-14 4.9E-13 0
193 -1 -1.4 0 -2.34027E-07 2.34021E-07 -1.32E-12 4.4E-13 0
194 -1 -1.45 0 -2.34137E-07 2.34134E-07 -1.82E-12 4.8E-13 0
195 -1 -1.5 0 -2.34252E-07 2.34278E-07 -5.1E-13 4.5E-13 0
196 -1 -1.55 0 -2.34385E-07 2.34397E-07 -1.36E-12 5.4E-13 0
197 -1 -1.6 0 -2.34514E-07 2.34517E-07 -3.2E-13 6.4E-13 0
198 -1 -1.65 0 -2.34634E-07 2.34627E-07 -1.14E-12 6.5E-13 0
199 -1 -1.7 0 -2.34786E-07 2.3499E-07 -5.4E-13 5.9E-13 0
200 -1 -1.75 0 -2.34885E-07 2.3489E-07 -5.5E-13 7.6E-13 0
201 -1 -1.8 0 -2.34993E-07 2.35008E-07 -6.4E-13 7.7E-13 0
202 -1 -1.85 0 -2.35088E-07 2.35127E-07 -6.5E-13 8.1E-13 0
203 -1 -1.9 0 -2.35216E-07 2.35213E-07 1.3E-13 9.5E-13 0
204 -1 -1.95 0 -2.35306E-07 2.35326E-07 -3.4E-13 9.7E-13 0
205 -1 -2 0 -2.3543E-07 2.35431E-07 -1.4E-13 1.15E-12 0
206 -1 -2 0 -2.35435E-07 2.35446E-07 -8.2E-13 1.11E-12 0
207 -1 -1.95 0 -2.35339E-07 2.35356E-07 -2.8E-13 1.02E-12 0
208 -1 -1.9 0 -2.35248E-07 2.3527E-07 -2.3E-13 9.6E-13 0
209 -1 -1.85 0 -2.35189E-07 2.35173E-07 -4.3E-13 8.3E-13 0
210 -1 -1.8 0 -2.35104E-07 2.35087E-07 -4.8E-13 7.1E-13 0
211 -1 -1.75 0 -2.34989E-07 2.35018E-07 -3.9E-13 7.3E-13 0
212 -1 -1.7 0 -2.349E-07 2.349E-07 2.2E-13 6.3E-13 0
213 -1 -1.65 0 -2.34783E-07 2.3482E-07 -2.5E-13 6.4E-13 0
214 -1 -1.6 0 -2.34704E-07 2.34683E-07 -1E-14 5.8E-13 0
215 -1 -1.55 0 -2.34579E-07 2.34602E-07 -2.8E-13 6.5E-13 0
216 -1 -1.5 0 -2.3449E-07 2.34495E-07 0 6E-13 0
217 -1 -1.45 0 -2.34374E-07 2.34396E-07 -4.6E-13 6.1E-13 0
218 -1 -1.4 0 -2.34276E-07 2.34293E-07 -8E-14 5E-13 0
219 -1 -1.35 0 -2.34177E-07 2.34173E-07 -5.7E-13 5.1E-13 0
220 -1 -1.3 0 -2.34081E-07 2.34076E-07 -4.1E-13 5E-13 0
221 -1 -1.25 0 -2.33994E-07 2.33968E-07 -5.8E-13 4.9E-13 0
222 -1 -1.2 0 -2.3384E-07 2.3384E-07 2E-13 5.1E-13 0
223 -1 -1.15 0 -2.33721E-07 2.3373E-07 -8.2E-13 4.4E-13 0
224 -1 -1.1 0 -2.33609E-07 2.33612E-07 -5.1E-13 4.3E-13 0
225 -1 -1.05 0 -2.33461E-07 2.33458E-07 -1.9E-13 4.5E-13 0
226 -1 -1 0 -2.33335E-07 2.33339E-07 -2.6E-13 4.8E-13 0
227 -1 -0.95 0 -2.33211E-07 2.33215E-07 -4.1E-13 4.9E-13 0
228 -1 -0.9 0 -2.33056E-07 2.33069E-07 -3.6E-13 4.7E-13 0
229 -1 -0.85 0 -2.3294E-07 2.32924E-07 -4E-13 4.3E-13 0
230 -1 -0.8 0 -2.32784E-07 2.32781E-07 -2.7E-13 4.7E-13 0
231 -1 -0.75 0 -2.32636E-07 2.32629E-07 -2E-14 4.8E-13 0
232 -1 -0.7 0 -2.32464E-07 2.32485E-07 9.1E-13 7E-13 0
233 -1 -0.65 0 -2.32303E-07 2.32295E-07 3.49E-12 5.5E-13 0
234 -1 -0.6 0 -2.32144E-07 2.32132E-07 2.9E-13 2.6E-13 0
235 -1 -0.55 0 -2.31951E-07 2.31946E-07 -1.42E-12 3.1E-13 0
236 -1 -0.5 0 -2.31765E-07 2.31763E-07 -9.3E-13 3.3E-13 0
237 -1 -0.45 0 -2.31566E-07 2.31589E-07 -9.8E-13 3.5E-13 0
238 -1 -0.4 0 -2.31341E-07 2.31338E-07 -8E-13 3.2E-13 0
239 -1 -0.35 0 -2.31106E-07 2.31113E-07 -4.8E-13 2.8E-13 0
240 -1 -0.3 0 -2.30876E-07 2.30868E-07 -6.4E-13 3.4E-13 0
241 -1 -0.25 0 -2.30578E-07 2.30581E-07 -4.9E-13 3E-13 0
242 -1 -0.2 0 -2.30101E-07 2.30094E-07 -5.6E-13 3.4E-13 0
243 -1 -0.15 0 -2.2857E-07 2.28556E-07 1E-14 3.1E-13 0
244 -1 -0.1 0 -2.20839E-07 2.20857E-07 -6.1E-13 2.8E-13 0
245 -1 -0.05 0 -1.78674E-07 1.78688E-07 9E-14 2E-13 0
246 -1 0 0 6.21277E-09 -6.85979E-09 -2.3E-13 -4E-14 0
247 -1.5 0 0 9.7447E-09 -9.1926E-09 -1.045E-11 -5E-14 0
248 -1.5 -0.05 0 -5.44217E-06 5.44266E-06 -5.25E-12 2.1E-13 0
249 -1.5 -0.1 0 -1.0332E-05 1.033212E-05 -3.83E-12 2.8E-13 0
250 -1.5 -0.15 0 -1.46529E-05 1.46535E-05 -3.15E-12 3.1E-13 0
251 -1.5 -0.2 0 -1.8378E-05 1.83779E-05 -2.09E-12 3.5E-13 0
252 -1.5 -0.25 0 -2.15062E-05 2.15063E-05 -2.17E-12 3.7E-13 0
253 -1.5 -0.3 0 -2.4016E-05 2.4016E-05 -1.05E-12 3.3E-13 0
254 -1.5 -0.35 0 -2.59138E-05 2.59137E-05 -1.94E-12 3.1E-13 0
255 -1.5 -0.4 0 -2.72206E-05 2.72205E-05 -1.48E-12 3.5E-13 0
256 -1.5 -0.45 0 -2.79967E-05 2.79961E-05 -2.57E-12 3.7E-13 0
257 -1.5 -0.5 0 -2.83743E-05 2.83741E-05 -1.56E-12 3.5E-13 0
258 -1.5 -0.55 0 -2.85272E-05 2.85273E-05 -1.12E-12 4.6E-13 0
259 -1.5 -0.6 0 -2.85917E-05 2.8592E-05 -1.1E-13 5E-13 0
260 -1.5 -0.65 0 -2.86293E-05 2.86296E-05 -2.4E-13 5.7E-13 0
261 -1.5 -0.7 0 -2.86588E-05 2.86587E-05 7E-13 5.7E-13 0
262 -1.5 -0.75 0 -2.86844E-05 2.86844E-05 -7.3E-13 4.7E-13 0
263 -1.5 -0.8 0 -2.87072E-05 2.87078E-05 1.7E-13 4.8E-13 0
264 -1.5 -0.85 0 -2.8729E-05 2.87291E-05 -9.9E-13 4.9E-13 0
265 -1.5 -0.9 0 -2.87495E-05 2.87496E-05 -3.8E-13 5.1E-13 0
266 -1.5 -0.95 0 -2.87683E-05 2.87683E-05 -1.2E-13 5.1E-13 0
267 -1.5 -1 0 -2.87863E-05 2.87869E-05 7.1E-13 4.1E-13 0
268 -1.5 -1.05 0 -2.88038E-05 2.88043E-05 -6.4E-13 3.7E-13 0
269 -1.5 -1.1 0 -2.88207E-05 2.88207E-05 -1.08E-12 4.3E-13 0
270 -1.5 -1.15 0 -2.88363E-05 2.88372E-05 -1.3E-12 2.8E-13 0
271 -1.5 -1.2 0 -2.88517E-05 2.88523E-05 -1.99E-12 3.8E-13 0
272 -1.5 -1.25 0 -2.88672E-05 2.88671E-05 -2.74E-12 4.8E-13 0
273 -1.5 -1.3 0 -2.88816E-05 2.88816E-05 5E-14 4E-13 0
274 -1.5 -1.35 0 -2.88949E-05 2.88951E-05 -1.21E-12 6.1E-13 0
275 -1.5 -1.4 0 -2.89088E-05 2.89089E-05 1E-14 5.3E-13 0
276 -1.5 -1.45 0 -2.89222E-05 2.89222E-05 -7.3E-13 5.6E-13 0
277 -1.5 -1.5 0 -2.89347E-05 2.89351E-05 2.2E-13 6.3E-13 0
278 -1.5 -1.55 0 -2.89477E-05 2.89475E-05 -4.7E-13 4.9E-13 0
279 -1.5 -1.6 0 -2.89598E-05 2.89598E-05 -4.8E-13 5.8E-13 0
280 -1.5 -1.65 0 -2.89713E-05 2.89721E-05 -1.08E-12 5.6E-13 0
281 -1.5 -1.7 0 -2.89833E-05 2.89835E-05 1.9E-13 5.6E-13 0
282 -1.5 -1.75 0 -2.89948E-05 2.89949E-05 -5.2E-13 6.8E-13 0
283 -1.5 -1.8 0 -2.90065E-05 2.90063E-05 1.1E-13 5.6E-13 0
284 -1.5 -1.85 0 -2.90171E-05 2.90175E-05 -5.7E-13 6.8E-13 0
285 -1.5 -1.9 0 -2.90281E-05 2.90281E-05 -2E-14 5.8E-13 0
286 -1.5 -1.95 0 -2.90386E-05 2.90385E-05 -9E-13 6.6E-13 0
287 -1.5 -2 0 -2.90489E-05 2.90493E-05 -3.2E-13 6.1E-13 0
288 -1.5 -2 0 -2.90491E-05 2.90495E-05 -1.4E-12 6E-13 0
289 -1.5 -1.95 0 -2.90394E-05 2.90397E-05 -5.6E-13 6.8E-13 0
290 -1.5 -1.9 0 -2.90289E-05 2.90293E-05 -1.39E-12 6.3E-13 0
291 -1.5 -1.85 0 -2.90184E-05 2.90188E-05 -2E-14 6.7E-13 0
292 -1.5 -1.8 0 -2.90081E-05 2.90077E-05 -9.1E-13 6.8E-13 0
293 -1.5 -1.75 0 -2.89973E-05 2.89973E-05 -2.3E-13 6.2E-13 0
294 -1.5 -1.7 0 -2.89861E-05 2.8986E-05 -7.8E-13 5.8E-13 0
295 -1.5 -1.65 0 -2.89744E-05 2.89748E-05 -1E-14 5.2E-13 0
296 -1.5 -1.6 0 -2.89632E-05 2.89631E-05 -1.06E-12 5.7E-13 0
297 -1.5 -1.55 0 -2.89512E-05 2.89512E-05 -2.1E-13 6.3E-13 0
298 -1.5 -1.5 0 -2.89388E-05 2.8939E-05 -8.5E-13 5.4E-13 0
299 -1.5 -1.45 0 -2.8926E-05 2.89265E-05 -1.8E-13 6.1E-13 0
300 -1.5 -1.4 0 -2.89132E-05 2.89131E-05 -8.8E-13 5.5E-13 0
301 -1.5 -1.35 0 -2.89002E-05 2.89003E-05 -1E-13 5.7E-13 0
302 -1.5 -1.3 0 -2.88864E-05 2.88867E-05 -8.4E-13 5.5E-13 0
303 -1.5 -1.25 0 -2.88725E-05 2.88726E-05 -1E-14 5.1E-13 0
304 -1.5 -1.2 0 -2.88583E-05 2.88582E-05 -1.02E-12 5.2E-13 0
305 -1.5 -1.15 0 -2.88427E-05 2.88432E-05 3E-14 4.5E-13 0
306 -1.5 -1.1 0 -2.88271E-05 2.88272E-05 -1.56E-12 4.4E-13 0
307 -1.5 -1.05 0 -2.88113E-05 2.8811E-05 1.54E-12 2.9E-13 0
308 -1.5 -1 0 -2.87939E-05 2.87942E-05 -4.22E-12 4.1E-13 0
309 -1.5 -0.95 0 -2.87762E-05 2.87762E-05 4.1E-13 4.7E-13 0
310 -1.5 -0.9 0 -2.87573E-05 2.87576E-05 -1.96E-12 4.9E-13 0
311 -1.5 -0.85 0 -2.87376E-05 2.87374E-05 -9E-14 4.4E-13 0
312 -1.5 -0.8 0 -2.8716E-05 2.87162E-05 -1.24E-12 2.6E-13 0
313 -1.5 -0.75 0 -2.86929E-05 2.86931E-05 -2.39E-12 4.8E-13 0
314 -1.5 -0.7 0 -2.86684E-05 2.86685E-05 -1.59E-12 4.1E-13 0
315 -1.5 -0.65 0 -2.86391E-05 2.86394E-05 -4.5E-13 3.8E-13 0
316 -1.5 -0.6 0 -2.86011E-05 2.86016E-05 -2.12E-12 4.5E-13 0
317 -1.5 -0.55 0 -2.85365E-05 2.85369E-05 9.8E-13 4.1E-13 0
318 -1.5 -0.5 0 -2.83837E-05 2.83838E-05 -3.6E-13 5.2E-13 0
319 -1.5 -0.45 0 -2.80053E-05 2.80056E-05 1.8E-13 4.5E-13 0
320 -1.5 -0.4 0 -2.7229E-05 2.72292E-05 2.61E-12 8.7E-13 0
321 -1.5 -0.35 0 -2.59216E-05 2.59216E-05 3.69E-12 4E-13 0
322 -1.5 -0.3 0 -2.40237E-05 2.40244E-05 -4E-13 3.1E-13 0
323 -1.5 -0.25 0 -2.15129E-05 2.15135E-05 -1.09E-12 1.7E-13 0
324 -1.5 -0.2 0 -1.83847E-05 1.83848E-05 -2.13E-12 1.9E-13 0
325 -1.5 -0.15 0 -1.46588E-05 1.46591E-05 -1.34E-12 2E-13 0
326 -1.5 -0.1 0 -1.03367E-05 1.03366E-05 -9.5E-13 1.1E-13 0
327 -1.5 -0.05 0 -5.44514E-06 5.44532E-06 -9.2E-13 3.7E-13 0
328 -1.5 0 0 7.4771E-09 -6.7465E-09 2.8E-13 3.7E-13 0
329 -2 0 0 1.80719E-09 -8.7278E-09 -8.44E-12 1E-14 0
330 -2 -0.05 0 -9.7671E-06 9.76767E-06 -6.53E-12 1.4E-13 0
331 -2 -0.1 0 -1.91216E-05 1.91223E-05 -3.69E-12 1.5E-13 0
332 -2 -0.15 0 -2.80641E-05 2.80644E-05 -3.77E-12 4E-13 0
333 -2 -0.2 0 -3.65547E-05 3.65553E-05 -2.83E-12 3.3E-13 0
334 -2 -0.25 0 -4.4616E-05 4.46159E-05 -3.03E-12 4.3E-13 0
335 -2 -0.3 0 -5.22072E-05 5.22067E-05 -2.8E-13 5.4E-13 0
336 -2 -0.35 0 -5.93315E-05 5.93307E-05 -1.09E-12 5E-13 0
337 -2 -0.4 0 -6.59838E-05 6.59839E-05 2.4E-13 5E-13 0
338 -2 -0.45 0 -7.21371E-05 7.21364E-05 -1.55E-12 5.3E-13 0
339 -2 -0.5 0 -7.77944E-05 7.77941E-05 1.15E-12 3E-13 0
340 -2 -0.55 0 -8.29254E-05 8.29245E-05 -4.11E-12 8.1E-13 0
341 -2 -0.6 0 -8.75262E-05 8.7525E-05 2.64E-12 8.1E-13 0
342 -2 -0.65 0 -9.15904E-05 9.15885E-05 8.6E-13 1.08E-12 0
343 -2 -0.7 0 -9.50905E-05 9.50892E-05 3.3E-13 3.8E-13 0
344 -2 -0.75 0 -9.80279E-05 9.80264E-05 2.7E-13 2.6E-13 0
345 -2 -0.8 0 -0.0001003924 0.0001003896 -2.55E-12 5E-14 0
346 -2 -0.85 0 -0.0001021998 0.0001021977 -4.38E-12 5E-13 0
347 -2 -0.9 0 -0.0001034739 0.0001034719 -1.1E-12 3.9E-13 0
348 -2 -0.95 0 -0.0001042886 0.0001042859 -3.26E-12 3E-13 0
349 -2 -1 0 -0.0001047553 0.0001047524 -2.06E-12 2.6E-13 0
350 -2 -1.05 0 -0.0001050069 0.0001050054 -3.6E-12 4.2E-13 0
351 -2 -1.1 0 -0.0001051548 0.000105153 -1E-12 4.6E-13 0
352 -2 -1.15 0 -0.0001052606 0.000105258 -2.06E-12 4.7E-13 0
353 -2 -1.2 0 -0.0001053472 0.0001053454 -1.8E-13 5.7E-13 0
354 -2 -1.25 0 -0.0001054227 0.0001054209 -2.15E-12 6.5E-13 0
355 -2 -1.3 0 -0.0001054934 0.0001054907 -7.2E-13 6.6E-13 0
356 -2 -1.35 0 -0.0001055588 0.0001055558 -2.36E-12 7.4E-13 0
357 -2 -1.4 0 -0.0001056202 0.0001056179 1.74E-12 6.4E-13 0
358 -2 -1.45 0 -0.0001056784 0.0001056766 1.22E-12 5.9E-13 0
359 -2 -1.5 0 -0.0001057337 0.0001057309 5.2E-13 9.5E-13 0
360 -2 -1.55 0 -0.0001057879 0.0001057856 -3.4E-13 9.4E-13 0
361 -2 -1.6 0 -0.0001058392 0.0001058374 3.67E-12 7.7E-13 0
362 -2 -1.65 0 -0.0001058877 0.0001058847 -5E-13 4.3E-13 0
363 -2 -1.7 0 -0.0001059365 0.0001059335 -9.6E-13 4.7E-13 0
364 -2 -1.75 0 -0.0001059822 0.0001059803 -3.87E-12 1.6E-13 0
365 -2 -1.8 0 -0.0001060255 0.0001060244 -4.76E-12 5.1E-13 0
366 -2 -1.85 0 -0.0001060703 0.0001060677 -2.58E-12 3.9E-13 0
367 -2 -1.9 0 -0.0001061132 0.0001061112 -7.7E-13 6.5E-13 0
368 -2 -1.95 0 -0.0001061543 0.0001061526 -2.28E-12 7.1E-13 0
369 -2 -2 0 -0.0001061944 0.0001061924 4.1E-13 7.3E-13 0
370 -2 -2 0 -0.000106195 0.0001061928 -9.9E-13 6.3E-13 0
371 -2 -1.95 0 -0.0001061543 0.0001061528 -1.06E-12 5.8E-13 0
372 -2 -1.9 0 -0.0001061127 0.0001061115 1.9E-13 6.9E-13 0
373 -2 -1.85 0 -0.0001060718 0.0001060699 -1.82E-12 7E-13 0
374 -2 -1.8 0 -0.000106028 0.0001060257 2.7E-13 5.8E-13 0
375 -2 -1.75 0 -0.0001059827 0.0001059806 -1.55E-12 6.3E-13 0
376 -2 -1.7 0 -0.0001059374 0.0001059352 -5E-14 6.1E-13 0
377 -2 -1.65 0 -0.0001058904 0.0001058884 -1.77E-12 6.3E-13 0
378 -2 -1.6 0 -0.0001058407 0.0001058397 3E-13 5.9E-13 0
379 -2 -1.55 0 -0.0001057904 0.000105788 -1.55E-12 6.4E-13 0
380 -2 -1.5 0 -0.0001057374 0.0001057346 1.3E-13 6.4E-13 0
381 -2 -1.45 0 -0.0001056815 0.0001056804 -1.03E-12 5.6E-13 0
382 -2 -1.4 0 -0.000105623 0.0001056223 -9E-14 5.9E-13 0
383 -2 -1.35 0 -0.0001055636 0.0001055609 -1.85E-12 5.7E-13 0
384 -2 -1.3 0 -0.0001054979 0.000105497 7E-13 6.1E-13 0
385 -2 -1.25 0 -0.0001054267 0.0001054256 -1.39E-12 5.8E-13 0
386 -2 -1.2 0 -0.0001053514 0.0001053487 7E-14 6E-13 0
387 -2 -1.15 0 -0.0001052661 0.000105263 -1.82E-12 6.4E-13 0
388 -2 -1.1 0 -0.0001051596 0.0001051584 7.4E-13 4.9E-13 0
389 -2 -1.05 0 -0.0001050111 0.0001050102 -1.46E-12 5.5E-13 0
390 -2 -1 0 -0.0001047592 0.0001047574 4E-14 5.2E-13 0
391 -2 -0.95 0 -0.0001042936 0.0001042925 -1.42E-12 4.5E-13 0
392 -2 -0.9 0 -0.000103478 0.0001034768 2.5E-13 4.8E-13 0
393 -2 -0.85 0 -0.0001022028 0.0001022013 -1.76E-12 4.6E-13 0
394 -2 -0.8 0 -0.0001003971 0.0001003957 5.7E-13 4.5E-13 0
395 -2 -0.75 0 -9.8033E-05 9.80328E-05 -1.58E-12 4.2E-13 0
396 -2 -0.7 0 -9.50956E-05 9.50948E-05 -5.5E-13 5.3E-13 0
397 -2 -0.65 0 -9.15961E-05 9.15955E-05 -2.11E-12 5.6E-13 0
398 -2 -0.6 0 -8.75325E-05 8.75329E-05 2.4E-13 5.3E-13 0
399 -2 -0.55 0 -8.29311E-05 8.29313E-05 -1.72E-12 4.2E-13 0
400 -2 -0.5 0 -7.78005E-05 7.78008E-05 2E-13 4.6E-13 0
401 -2 -0.45 0 -7.21438E-05 7.21434E-05 -1.73E-12 3.9E-13 0
402 -2 -0.4 0 -6.59912E-05 6.59919E-05 2.8E-13 4.1E-13 0
403 -2 -0.35 0 -5.93378E-05 5.93378E-05 -1.44E-12 4.8E-13 0
404 -2 -0.3 0 -5.22139E-05 5.22138E-05 1.9E-13 3.2E-13 0
405 -2 -0.25 0 -4.46222E-05 4.46229E-05 -1.26E-12 5E-13 0
406 -2 -0.2 0 -3.65604E-05 3.65607E-05 2.89E-12 4.6E-13 0
407 -2 -0.15 0 -2.8069E-05 2.8069E-05 -6.3E-13 4.5E-13 0
408 -2 -0.1 0 -1.91262E-05 1.91263E-05 6.2E-13 3.3E-13 0
409 -2 -0.05 0 -9.77023E-06 9.77036E-06 -1.01E-12 2.7E-13 0
410 -2 0 0 6.0621E-09 -5.9484E-09 -1.66E-12 -3E-14 0
