FET Vds-Id
VDS= 0 to -2 in -0.05 step
VG= 0 to -2 in -0.5 step
NO. VG VDS VS ID IS IG ISUB VSUB
 V V V A A A A V
1 0 0 0 -8E-14 1.3E-13 1E-14 -2E-14 0
2 0 -0.05 0 -6.6E-13 4.9E-13 -6E-14 3.7E-13 0
3 0 -0.1 0 -7.2E-13 -1.2E-13 -9.3E-13 4E-13 0
4 0 -0.15 0 -6.8E-13 1.8E-13 -9E-14 4.3E-13 0
5 0 -0.2 0 -5.2E-13 4E-13 2.9E-13 4.9E-13 0
6 0 -0.25 0 -6.3E-13 2.8E-13 1E-13 5.1E-13 0
7 0 -0.3 0 -6.6E-13 1E-14 1.3E-13 4.6E-13 0
8 0 -0.35 0 -6.6E-13 -1.1E-13 -1.6E-13 5.1E-13 0
9 0 -0.4 0 -6.8E-13 0 8E-14 5.3E-13 0
10 0 -0.45 0 -6.6E-13 7E-14 1.8E-13 5.9E-13 0
11 0 -0.5 0 -7.9E-13 1.7E-13 3.9E-13 5.8E-13 0
12 0 -0.55 0 -7.6E-13 -2E-14 -8E-14 6.2E-13 0
13 0 -0.6 0 -8.6E-13 2.2E-13 1.6E-13 5.7E-13 0
14 0 -0.65 0 -7.8E-13 -4E-14 2.6E-13 6.6E-13 0
15 0 -0.7 0 -6.3E-13 8.3E-13 1.02E-12 7.2E-13 0
16 0 -0.75 0 -1.05E-12 4.4E-13 4.2E-13 6.3E-13 0
17 0 -0.8 0 -8.2E-13 2.79E-12 2.67E-12 6.4E-13 0
18 0 -0.85 0 -9.7E-13 -1.4E-12 -5.5E-13 5.1E-13 0
19 0 -0.9 0 -1.27E-12 -2.1E-13 -2.3E-13 8.4E-13 0
20 0 -0.95 0 -1.03E-12 -2.8E-13 -3.4E-13 9.6E-13 0
21 0 -1 0 -1.17E-12 7.6E-13 9.1E-13 1.08E-12 0
22 0 -1.05 0 -1.46E-12 -4.9E-13 -5E-13 1.13E-12 0
23 0 -1.1 0 -1.63E-12 6.7E-13 6.3E-13 1.25E-12 0
24 0 -1.15 0 -1.67E-12 -8.2E-13 -5.3E-13 1.45E-12 0
25 0 -1.2 0 -1.91E-12 6.6E-13 8.1E-13 1.57E-12 0
26 0 -1.25 0 -2.07E-12 -6.2E-13 -5.4E-13 1.85E-12 0
27 0 -1.3 0 -2.32E-12 1.04E-12 1.11E-12 2.11E-12 0
28 0 -1.35 0 -2.59E-12 -4.3E-13 -6.6E-13 2.33E-12 0
29 0 -1.4 0 -2.85E-12 1.38E-12 1.4E-12 2.66E-12 0
30 0 -1.45 0 -3.11E-12 -8.7E-13 -6.1E-13 2.85E-12 0
31 0 -1.5 0 -3.61E-12 7.8E-13 6E-13 3.25E-12 0
32 0 -1.55 0 -4.05E-12 -1.25E-12 -9.5E-13 3.68E-12 0
33 0 -1.6 0 -4.48E-12 1.36E-12 1.2E-12 4.12E-12 0
34 0 -1.65 0 -4.91E-12 -1.2E-12 -8.3E-13 4.66E-12 0
35 0 -1.7 0 -5.51E-12 1.31E-12 1.13E-12 5.24E-12 0
36 0 -1.75 0 -6.19E-12 -1.21E-12 -8.7E-13 5.89E-12 0
37 0 -1.8 0 -6.96E-12 1.43E-12 1.49E-12 6.59E-12 0
38 0 -1.85 0 -7.66E-12 -1.28E-12 -1.19E-12 7.45E-12 0
39 0 -1.9 0 -8.3E-12 3.5E-12 3.42E-12 8.53E-12 0
40 0 -1.95 0 -8.76E-12 3.1E-12 2.91E-12 9.71E-12 0
41 0 -2 0 -1.046E-11 1.96E-12 3.2E-12 1.017E-11 0
42 0 -2 0 -1.112E-11 -1.8E-13 5.2E-13 1.035E-11 0
43 0 -1.95 0 -9.77E-12 -2.02E-12 -1.84E-12 9.23E-12 0
44 0 -1.9 0 -8.59E-12 5.3E-13 1.19E-12 8.29E-12 0
45 0 -1.85 0 -7.69E-12 -1.56E-12 -1.58E-12 7.42E-12 0
46 0 -1.8 0 -6.78E-12 1.36E-12 1.38E-12 6.58E-12 0
47 0 -1.75 0 -6.12E-12 -1.9E-12 -1.79E-12 5.86E-12 0
48 0 -1.7 0 -5.37E-12 1.42E-12 1.39E-12 5.26E-12 0
49 0 -1.65 0 -4.91E-12 -1.69E-12 -1.47E-12 4.51E-12 0
50 0 -1.6 0 -4.3E-12 9.8E-13 1.45E-12 4.16E-12 0
51 0 -1.55 0 -3.83E-12 -1.63E-12 -1.66E-12 3.7E-12 0
52 0 -1.5 0 -3.36E-12 1.59E-12 1.47E-12 3.26E-12 0
53 0 -1.45 0 -3.06E-12 -1.29E-12 -1.43E-12 2.9E-12 0
54 0 -1.4 0 -2.73E-12 1.02E-12 1.52E-12 2.61E-12 0
55 0 -1.35 0 -2.33E-12 -1.2E-12 -1.23E-12 2.31E-12 0
56 0 -1.3 0 -2.19E-12 1.36E-12 1.42E-12 2.04E-12 0
57 0 -1.25 0 -1.93E-12 -1.53E-12 -1.25E-12 1.83E-12 0
58 0 -1.2 0 -1.65E-12 1.45E-12 1.26E-12 1.64E-12 0
59 0 -1.15 0 -1.5E-12 -1.24E-12 -1.16E-12 1.43E-12 0
60 0 -1.1 0 -1.26E-12 7.7E-13 1.41E-12 1.24E-12 0
61 0 -1.05 0 -1.15E-12 -9.3E-13 -1.04E-12 1.13E-12 0
62 0 -1 0 -1.06E-12 1.2E-12 1.35E-12 1.02E-12 0
63 0 -0.95 0 -9.2E-13 -1.44E-12 -1.26E-12 9.9E-13 0
64 0 -0.9 0 -7.9E-13 1.3E-12 1.32E-12 9.2E-13 0
65 0 -0.85 0 -7.3E-13 -1.11E-12 -1.07E-12 8.3E-13 0
66 0 -0.8 0 -7.4E-13 1.24E-12 1.15E-12 6.9E-13 0
67 0 -0.75 0 -7.1E-13 -1.19E-12 -9.2E-13 6.2E-13 0
68 0 -0.7 0 -6E-13 8E-13 1.26E-12 6.2E-13 0
69 0 -0.65 0 -6.2E-13 -1.05E-12 -9.4E-13 6.6E-13 0
70 0 -0.6 0 -6E-13 1.23E-12 1.12E-12 6.1E-13 0
71 0 -0.55 0 -6.1E-13 -1.07E-12 -7.8E-13 5.3E-13 0
72 0 -0.5 0 -4.5E-13 9.9E-13 1.11E-12 5.5E-13 0
73 0 -0.45 0 -5.1E-13 -1.12E-12 -1.02E-12 5.6E-13 0
74 0 -0.4 0 -5.2E-13 7.3E-13 1.11E-12 4.9E-13 0
75 0 -0.35 0 -4.8E-13 -1.32E-12 -1.27E-12 4.7E-13 0
76 0 -0.3 0 -3.2E-13 1.13E-12 1.06E-12 5.3E-13 0
77 0 -0.25 0 -2E-13 -4E-14 8.1E-13 4.8E-13 0
78 0 -0.2 0 -4.6E-13 1.67E-12 1.5E-12 5.1E-13 0
79 0 -0.15 0 -3.2E-13 -4.4E-13 -6.5E-13 5E-13 0
80 0 -0.1 0 -1.7E-13 1.27E-12 1.77E-12 5.2E-13 0
81 0 -0.05 0 -3.5E-13 -9.7E-13 -8.8E-13 3.8E-13 0
82 0 0 0 -4.3E-13 2E-14 -7.1E-13 2E-14 0
83 -0.5 0 0 -3.1E-13 -2.09E-12 -8.7E-12 -8E-14 0
84 -0.5 -0.05 0 -3.5E-13 3.2E-13 -2.72E-12 2.8E-13 0
85 -0.5 -0.1 0 -2.3E-13 0 -1.84E-12 4.5E-13 0
86 -0.5 -0.15 0 -6E-13 8.8E-13 -6.3E-13 5.3E-13 0
87 -0.5 -0.2 0 -4.1E-13 -4.3E-13 -1.32E-12 4.5E-13 0
88 -0.5 -0.25 0 -5.6E-13 8.3E-13 -5E-14 5.1E-13 0
89 -0.5 -0.3 0 -6.5E-13 -5.8E-13 -1.38E-12 4.5E-13 0
90 -0.5 -0.35 0 -6.7E-13 5E-13 -3.1E-13 5.4E-13 0
91 -0.5 -0.4 0 -6.5E-13 -4.8E-13 -1.04E-12 5.6E-13 0
92 -0.5 -0.45 0 -7.1E-13 6.3E-13 -1.5E-13 5.2E-13 0
93 -0.5 -0.5 0 -7.7E-13 -4.3E-13 -9.9E-13 5.3E-13 0
94 -0.5 -0.55 0 -6.7E-13 7.4E-13 6.7E-13 6.3E-13 0
95 -0.5 -0.6 0 -1.04E-12 -8.1E-13 -2.19E-12 6.2E-13 0
96 -0.5 -0.65 0 -8.3E-13 6.8E-13 1.3E-13 5.7E-13 0
97 -0.5 -0.7 0 -8.3E-13 -3.5E-13 -1.17E-12 6.4E-13 0
98 -0.5 -0.75 0 -7.8E-13 5.8E-13 3.1E-13 6.2E-13 0
99 -0.5 -0.8 0 -8.6E-13 -1.3E-13 -9.8E-13 6E-13 0
100 -0.5 -0.85 0 -8.9E-13 5.1E-13 2.6E-13 6.6E-13 0
101 -0.5 -0.9 0 -8.5E-13 -5E-13 -8.4E-13 6.2E-13 0
102 -0.5 -0.95 0 -9.4E-13 5.4E-13 -4E-14 6.5E-13 0
103 -0.5 -1 0 -9.7E-13 -2.6E-13 -8.4E-13 6.6E-13 0
104 -0.5 -1.05 0 -8.9E-13 2.1E-13 1.5E-13 7.2E-13 0
105 -0.5 -1.1 0 -9E-13 -5E-14 -2.1E-13 8E-13 0
106 -0.5 -1.15 0 -1.17E-12 2E-14 -1.5E-13 2E-13 0
107 -0.5 -1.2 0 -9.5E-13 -4E-14 -5.5E-13 7.7E-13 0
108 -0.5 -1.25 0 -1.24E-12 1.5E-13 -2E-14 7.3E-13 0
109 -0.5 -1.3 0 -1E-12 2.9E-13 -3E-13 8.5E-13 0
110 -0.5 -1.35 0 -1.16E-12 4.4E-13 6E-14 9E-13 0
111 -0.5 -1.4 0 -1.24E-12 -1.7E-13 -4.1E-13 9.3E-13 0
112 -0.5 -1.45 0 -1.26E-12 4E-13 2.5E-13 1.09E-12 0
113 -0.5 -1.5 0 -1.48E-12 -1.8E-13 -4.8E-13 1.12E-12 0
114 -0.5 -1.55 0 -1.58E-12 2.1E-13 4.9E-13 1.2E-12 0
115 -0.5 -1.6 0 -1.76E-12 -4.4E-13 -7.1E-13 1.35E-12 0
116 -0.5 -1.65 0 -1.86E-12 4.5E-13 3.8E-13 1.6E-12 0
117 -0.5 -1.7 0 -2.08E-12 -2.2E-13 -4E-13 1.72E-12 0
118 -0.5 -1.75 0 -2.28E-12 4.6E-13 1.1E-13 1.95E-12 0
119 -0.5 -1.8 0 -2.58E-12 -3.1E-13 -3.6E-13 2.15E-12 0
120 -0.5 -1.85 0 -2.81E-12 5.1E-13 9E-14 2.43E-12 0
121 -0.5 -1.9 0 -3.09E-12 -1.5E-13 -4.3E-13 2.75E-12 0
122 -0.5 -1.95 0 -3.44E-12 4.2E-13 2.4E-13 3.06E-12 0
123 -0.5 -2 0 -3.77E-12 -2.1E-13 -4.7E-13 3.46E-12 0
124 -0.5 -2 0 -3.8E-12 -8E-14 -4.1E-13 3.35E-12 0
125 -0.5 -1.95 0 -3.36E-12 8E-14 2E-14 3.06E-12 0
126 -0.5 -1.9 0 -2.98E-12 -4E-14 -2.8E-13 2.74E-12 0
127 -0.5 -1.85 0 -2.66E-12 2.8E-13 1.6E-13 2.41E-12 0
128 -0.5 -1.8 0 -2.4E-12 -3.8E-13 -5.1E-13 2.15E-12 0
129 -0.5 -1.75 0 -2.15E-12 2.5E-13 2.5E-13 2E-12 0
130 -0.5 -1.7 0 -1.93E-12 -1.9E-13 -3.6E-13 1.7E-12 0
131 -0.5 -1.65 0 -1.76E-12 2.3E-13 -1E-14 1.54E-12 0
132 -0.5 -1.6 0 -1.56E-12 -1.4E-13 -2.3E-13 1.43E-12 0
133 -0.5 -1.55 0 -1.48E-12 1.1E-13 3E-14 1.26E-12 0
134 -0.5 -1.5 0 -1.27E-12 -2.3E-13 -2.4E-13 1.18E-12 0
135 -0.5 -1.45 0 -1.24E-12 1.5E-13 -1.5E-13 1.11E-12 0
136 -0.5 -1.4 0 -8.9E-13 1E-14 0 9.1E-13 0
137 -0.5 -1.35 0 -9.8E-13 2.8E-13 -1E-14 8.4E-13 0
138 -0.5 -1.3 0 -9.3E-13 -1.4E-13 -2.4E-13 8.6E-13 0
139 -0.5 -1.25 0 -8.8E-13 1.9E-13 1.3E-13 7.8E-13 0
140 -0.5 -1.2 0 -8.3E-13 1E-14 -2.7E-13 7.5E-13 0
141 -0.5 -1.15 0 -7.1E-13 6.5E-13 5.4E-13 7.6E-13 0
142 -0.5 -1.1 0 -7.5E-13 6E-13 1.1E-13 7.2E-13 0
143 -0.5 -1.05 0 -8.9E-13 8E-14 -7.7E-13 7.3E-13 0
144 -0.5 -1 0 -6.9E-13 0 -1.6E-13 7.4E-13 0
145 -0.5 -0.95 0 -6.3E-13 4E-13 3.1E-13 6.2E-13 0
146 -0.5 -0.9 0 -6E-13 -1.3E-13 1.2E-13 6.2E-13 0
147 -0.5 -0.85 0 -4.1E-13 1.41E-12 1.03E-12 6.5E-13 0
148 -0.5 -0.8 0 -5.7E-13 7E-14 4E-14 7.1E-13 0
149 -0.5 -0.75 0 -5.4E-13 8.5E-13 1.5E-13 6E-13 0
150 -0.5 -0.7 0 -6.9E-13 -2.9E-13 -1.1E-13 6.1E-13 0
151 -0.5 -0.65 0 -5.9E-13 9E-14 3.2E-13 5.5E-13 0
152 -0.5 -0.6 0 -5.4E-13 -1E-13 -3E-13 5.6E-13 0
153 -0.5 -0.55 0 -5.9E-13 2E-13 -2.1E-13 5.7E-13 0
154 -0.5 -0.5 0 -5.5E-13 -1.3E-13 -2.7E-13 5.1E-13 0
155 -0.5 -0.45 0 -5.4E-13 1.3E-13 1E-13 6.1E-13 0
156 -0.5 -0.4 0 -5.6E-13 -1.1E-13 -1.3E-13 5.2E-13 0
157 -0.5 -0.35 0 -5.2E-13 9E-14 -8E-14 5E-13 0
158 -0.5 -0.3 0 -4.6E-13 -2E-14 -2.1E-13 4.7E-13 0
159 -0.5 -0.25 0 -4.7E-13 0 -1.4E-13 5.4E-13 0
160 -0.5 -0.2 0 -4.5E-13 1E-14 -2.5E-13 4.7E-13 0
161 -0.5 -0.15 0 -4E-13 -1.2E-13 -4E-14 5E-13 0
162 -0.5 -0.1 0 -3.9E-13 -2.3E-13 -9E-14 4E-13 0
163 -0.5 -0.05 0 -3.2E-13 -1.1E-13 -1.2E-13 3.1E-13 0
164 -0.5 0 0 1.5E-13 1.8E-13 -1E-13 1E-14 0
165 -1 0 0 1.20237E-08 -1.14367E-08 -9.47E-12 -7E-14 0
166 -1 -0.05 0 -3.61097E-07 3.62657E-07 -4.24E-12 -1.8E-13 0
167 -1 -0.1 0 -4.4817E-07 4.48238E-07 -3.57E-12 6.6E-13 0
168 -1 -0.15 0 -4.65042E-07 4.65104E-07 -2.16E-12 4.5E-13 0
169 -1 -0.2 0 -4.69112E-07 4.69156E-07 -2.17E-12 4.6E-13 0
170 -1 -0.25 0 -4.70891E-07 4.70871E-07 -1.44E-12 5.8E-13 0
171 -1 -0.3 0 -4.72176E-07 4.72189E-07 -7.8E-13 5.8E-13 0
172 -1 -0.35 0 -4.7332E-07 4.73333E-07 -3.4E-13 5.3E-13 0
173 -1 -0.4 0 -4.74339E-07 4.74417E-07 -2.8E-13 7.9E-13 0
174 -1 -0.45 0 -4.75286E-07 4.75328E-07 -1.15E-12 4.8E-13 0
175 -1 -0.5 0 -4.76187E-07 4.76229E-07 -9E-13 5.4E-13 0
176 -1 -0.55 0 -4.77113E-07 4.77175E-07 -7.4E-13 5.7E-13 0
177 -1 -0.6 0 -4.77947E-07 4.77953E-07 -7.6E-13 5.2E-13 0
178 -1 -0.65 0 -4.78662E-07 4.78712E-07 -7.7E-13 5.7E-13 0
179 -1 -0.7 0 -4.7944E-07 4.79451E-07 -9.9E-13 6.4E-13 0
180 -1 -0.75 0 -4.80155E-07 4.80175E-07 -6.5E-13 5.6E-13 0
181 -1 -0.8 0 -4.8085E-07 4.80882E-07 -6E-13 6.1E-13 0
182 -1 -0.85 0 -4.81567E-07 4.81586E-07 -5.9E-13 5.9E-13 0
183 -1 -0.9 0 -4.82199E-07 4.82222E-07 -7.3E-13 6E-13 0
184 -1 -0.95 0 -4.82832E-07 4.82883E-07 -6.8E-13 5.9E-13 0
185 -1 -1 0 -4.83464E-07 4.83482E-07 -6.2E-13 6.3E-13 0
186 -1 -1.05 0 -4.84121E-07 4.84134E-07 -5.8E-13 6.3E-13 0
187 -1 -1.1 0 -4.84709E-07 4.84729E-07 -5.8E-13 6.5E-13 0
188 -1 -1.15 0 -4.8525E-07 4.85285E-07 -7.5E-13 5.6E-13 0
189 -1 -1.2 0 -4.85784E-07 4.85803E-07 -4.9E-13 6.7E-13 0
190 -1 -1.25 0 -4.86333E-07 4.86371E-07 -5.7E-13 7.6E-13 0
191 -1 -1.3 0 -4.8689E-07 4.86913E-07 -2.2E-13 7.2E-13 0
192 -1 -1.35 0 -4.87452E-07 4.87445E-07 -3.8E-13 7.2E-13 0
193 -1 -1.4 0 -4.87933E-07 4.87967E-07 -3.7E-13 7.1E-13 0
194 -1 -1.45 0 -4.88398E-07 4.88493E-07 -4.9E-13 6.9E-13 0
195 -1 -1.5 0 -4.88907E-07 4.8898E-07 -4.2E-13 7.8E-13 0
196 -1 -1.55 0 -4.89466E-07 4.89472E-07 -4.6E-13 7.7E-13 0
197 -1 -1.6 0 -4.89952E-07 4.89918E-07 -5.4E-13 8.3E-13 0
198 -1 -1.65 0 -4.90374E-07 4.90423E-07 -3.9E-13 8.7E-13 0
199 -1 -1.7 0 -4.90799E-07 4.90817E-07 -4.3E-13 8.7E-13 0
200 -1 -1.75 0 -4.91213E-07 4.91233E-07 -4.3E-13 8.8E-13 0
201 -1 -1.8 0 -4.91685E-07 4.91726E-07 -4.4E-13 9.4E-13 0
202 -1 -1.85 0 -4.92128E-07 4.92159E-07 -3.1E-13 9.7E-13 0
203 -1 -1.9 0 -4.92549E-07 4.92556E-07 -5.2E-13 1.03E-12 0
204 -1 -1.95 0 -4.92991E-07 4.93019E-07 -3.8E-13 1.11E-12 0
205 -1 -2 0 -4.9345E-07 4.93528E-07 -4.8E-13 1.27E-12 0
206 -1 -2 0 -4.93453E-07 4.93506E-07 -1.3E-13 1.24E-12 0
207 -1 -1.95 0 -4.93127E-07 4.93134E-07 -6.8E-13 1.09E-12 0
208 -1 -1.9 0 -4.92742E-07 4.92785E-07 -3.8E-13 1.07E-12 0
209 -1 -1.85 0 -4.92322E-07 4.92356E-07 -5.1E-13 1E-12 0
210 -1 -1.8 0 -4.91835E-07 4.91904E-07 -1.1E-13 9.2E-13 0
211 -1 -1.75 0 -4.91444E-07 4.91479E-07 -6.8E-13 9E-13 0
212 -1 -1.7 0 -4.90966E-07 4.91056E-07 -2E-14 8.9E-13 0
213 -1 -1.65 0 -4.90568E-07 4.90603E-07 -6.1E-13 7.9E-13 0
214 -1 -1.6 0 -4.90134E-07 4.90148E-07 7E-14 7.8E-13 0
215 -1 -1.55 0 -4.89635E-07 4.89663E-07 -7.3E-13 7.9E-13 0
216 -1 -1.5 0 -4.89156E-07 4.89171E-07 4E-14 8E-13 0
217 -1 -1.45 0 -4.88717E-07 4.8871E-07 -7E-13 7.5E-13 0
218 -1 -1.4 0 -4.88229E-07 4.88218E-07 -3E-14 7.4E-13 0
219 -1 -1.35 0 -4.87729E-07 4.87764E-07 -7.5E-13 7.2E-13 0
220 -1 -1.3 0 -4.87218E-07 4.87238E-07 5E-14 6.9E-13 0
221 -1 -1.25 0 -4.86693E-07 4.86688E-07 -7.3E-13 7E-13 0
222 -1 -1.2 0 -4.86194E-07 4.86185E-07 7E-14 7E-13 0
223 -1 -1.15 0 -4.85653E-07 4.85633E-07 -5.4E-13 6.6E-13 0
224 -1 -1.1 0 -4.85089E-07 4.85121E-07 1.7E-13 6.8E-13 0
225 -1 -1.05 0 -4.84551E-07 4.84551E-07 -8.8E-13 6.5E-13 0
226 -1 -1 0 -4.8392E-07 4.8397E-07 1.3E-13 6.7E-13 0
227 -1 -0.95 0 -4.83372E-07 4.83328E-07 -8.1E-13 5.9E-13 0
228 -1 -0.9 0 -4.82768E-07 4.82771E-07 1.5E-13 5.9E-13 0
229 -1 -0.85 0 -4.8216E-07 4.82131E-07 -8.5E-13 6.7E-13 0
230 -1 -0.8 0 -4.81432E-07 4.81432E-07 2E-13 6.1E-13 0
231 -1 -0.75 0 -4.80751E-07 4.80763E-07 -7.2E-13 5.9E-13 0
232 -1 -0.7 0 -4.80072E-07 4.80115E-07 2.1E-13 5.9E-13 0
233 -1 -0.65 0 -4.79388E-07 4.79398E-07 -7.5E-13 5.6E-13 0
234 -1 -0.6 0 -4.78641E-07 4.78658E-07 3.2E-13 5.4E-13 0
235 -1 -0.55 0 -4.77795E-07 4.77861E-07 -7.1E-13 5.5E-13 0
236 -1 -0.5 0 -4.76992E-07 4.77011E-07 4E-13 5.9E-13 0
237 -1 -0.45 0 -4.76155E-07 4.76192E-07 -7.1E-13 5E-13 0
238 -1 -0.4 0 -4.75254E-07 4.75276E-07 1.8E-13 5.1E-13 0
239 -1 -0.35 0 -4.7429E-07 4.74309E-07 -9.2E-13 5.4E-13 0
240 -1 -0.3 0 -4.73189E-07 4.73218E-07 3.8E-13 5.1E-13 0
241 -1 -0.25 0 -4.71965E-07 4.72E-07 -8.1E-13 4.9E-13 0
242 -1 -0.2 0 -4.70254E-07 4.70262E-07 3.8E-13 3.7E-13 0
243 -1 -0.15 0 -4.66205E-07 4.66215E-07 -7.5E-13 4.7E-13 0
244 -1 -0.1 0 -4.49273E-07 4.49329E-07 1.1E-13 4.2E-13 0
245 -1 -0.05 0 -3.63482E-07 3.63547E-07 -6.4E-13 3.1E-13 0
246 -1 0 0 1.14573E-08 -1.14631E-08 -8E-13 -1E-14 0
247 -1.5 0 0 1.49085E-08 -1.43448E-08 -1.152E-11 3E-14 0
248 -1.5 -0.05 0 -1.25388E-05 1.25401E-05 -6.37E-12 4.5E-13 0
249 -1.5 -0.1 0 -2.38402E-05 2.3841E-05 -2.02E-12 4.7E-13 0
250 -1.5 -0.15 0 -3.38616E-05 3.38624E-05 -3.14E-12 4.2E-13 0
251 -1.5 -0.2 0 -4.25353E-05 4.2536E-05 -2E-14 4.6E-13 0
252 -1.5 -0.25 0 -4.98593E-05 4.98587E-05 -3.55E-12 5.5E-13 0
253 -1.5 -0.3 0 -5.57796E-05 5.57789E-05 2.2E-13 4.9E-13 0
254 -1.5 -0.35 0 -6.03176E-05 6.03178E-05 -1.78E-12 5E-13 0
255 -1.5 -0.4 0 -6.35303E-05 6.35296E-05 -1.74E-12 9E-13 0
256 -1.5 -0.45 0 -6.55538E-05 6.55529E-05 -3.61E-12 6.8E-13 0
257 -1.5 -0.5 0 -6.66632E-05 6.66634E-05 -3.4E-13 2E-14 0
258 -1.5 -0.55 0 -6.72118E-05 6.72114E-05 1.13E-12 1.34E-12 0
259 -1.5 -0.6 0 -6.75036E-05 6.75018E-05 2.52E-12 1.15E-12 0
260 -1.5 -0.65 0 -6.76935E-05 6.76942E-05 3.66E-12 5E-14 0
261 -1.5 -0.7 0 -6.78457E-05 6.78455E-05 -2.33E-12 -4.7E-13 0
262 -1.5 -0.75 0 -6.79775E-05 6.79793E-05 -6.17E-12 1.01E-12 0
263 -1.5 -0.8 0 -6.80998E-05 6.81002E-05 4.66E-12 1.5E-12 0
264 -1.5 -0.85 0 -6.82125E-05 6.82135E-05 -2.65E-12 2.17E-12 0
265 -1.5 -0.9 0 -6.83183E-05 6.83196E-05 9.11E-12 2.14E-12 0
266 -1.5 -0.95 0 -6.84193E-05 6.84195E-05 -1.083E-11 -4E-14 0
267 -1.5 -1 0 -6.8514E-05 6.85129E-05 1.34E-12 1.03E-12 0
268 -1.5 -1.05 0 -6.86051E-05 6.86045E-05 -2.5E-13 8.4E-13 0
269 -1.5 -1.1 0 -6.86932E-05 6.86923E-05 3.44E-12 7E-13 0
270 -1.5 -1.15 0 -6.87777E-05 6.87781E-05 1.07E-12 3.8E-13 0
271 -1.5 -1.2 0 -6.88598E-05 6.88598E-05 -3.4E-12 4.7E-13 0
272 -1.5 -1.25 0 -6.89378E-05 6.89374E-05 -3.68E-12 5.4E-13 0
273 -1.5 -1.3 0 -6.90147E-05 6.90152E-05 -1.53E-12 6.4E-13 0
274 -1.5 -1.35 0 -6.9089E-05 6.9089E-05 -1.43E-12 8.7E-13 0
275 -1.5 -1.4 0 -6.91599E-05 6.91603E-05 2.4E-13 7.5E-13 0
276 -1.5 -1.45 0 -6.92304E-05 6.92299E-05 -1.94E-12 5.9E-13 0
277 -1.5 -1.5 0 -6.92999E-05 6.92992E-05 -1.3E-12 6.4E-13 0
278 -1.5 -1.55 0 -6.93677E-05 6.93661E-05 -2.23E-12 7.6E-13 0
279 -1.5 -1.6 0 -6.94316E-05 6.94303E-05 8E-14 8.7E-13 0
280 -1.5 -1.65 0 -6.94952E-05 6.94955E-05 -9E-14 7E-13 0
281 -1.5 -1.7 0 -6.95591E-05 6.9558E-05 -1.31E-12 7.2E-13 0
282 -1.5 -1.75 0 -6.96194E-05 6.96183E-05 -1.18E-12 6.3E-13 0
283 -1.5 -1.8 0 -6.96789E-05 6.9678E-05 1.2E-13 9.4E-13 0
284 -1.5 -1.85 0 -6.97385E-05 6.97382E-05 -1.3E-13 8E-13 0
285 -1.5 -1.9 0 -6.97968E-05 6.97973E-05 -5.5E-13 9.6E-13 0
286 -1.5 -1.95 0 -6.98528E-05 6.98533E-05 -1.4E-13 8.5E-13 0
287 -1.5 -2 0 -6.99097E-05 6.99094E-05 -6.4E-13 8.9E-13 0
288 -1.5 -2 0 -6.99086E-05 6.99085E-05 -3.2E-13 8.9E-13 0
289 -1.5 -1.95 0 -6.98532E-05 6.98536E-05 -9.2E-13 8.2E-13 0
290 -1.5 -1.9 0 -6.97971E-05 6.97977E-05 -1.03E-12 8.8E-13 0
291 -1.5 -1.85 0 -6.97394E-05 6.97402E-05 -4.7E-13 8.5E-13 0
292 -1.5 -1.8 0 -6.96811E-05 6.9681E-05 -6.3E-13 8.1E-13 0
293 -1.5 -1.75 0 -6.96219E-05 6.96221E-05 -8E-14 8.6E-13 0
294 -1.5 -1.7 0 -6.95616E-05 6.95619E-05 -7.3E-13 6.2E-13 0
295 -1.5 -1.65 0 -6.94996E-05 6.95006E-05 -1.7E-12 8.1E-13 0
296 -1.5 -1.6 0 -6.94357E-05 6.94358E-05 -7.2E-13 6.8E-13 0
297 -1.5 -1.55 0 -6.93703E-05 6.93706E-05 -2.1E-13 7.8E-13 0
298 -1.5 -1.5 0 -6.93046E-05 6.93043E-05 -1.71E-12 9.5E-13 0
299 -1.5 -1.45 0 -6.92374E-05 6.92372E-05 8.4E-13 7.8E-13 0
300 -1.5 -1.4 0 -6.91676E-05 6.91684E-05 -1E-12 7.6E-13 0
301 -1.5 -1.35 0 -6.90961E-05 6.90952E-05 -9E-14 8.4E-13 0
302 -1.5 -1.3 0 -6.90222E-05 6.9023E-05 -3.4E-13 7.3E-13 0
303 -1.5 -1.25 0 -6.8947E-05 6.89466E-05 -1.37E-12 6.1E-13 0
304 -1.5 -1.2 0 -6.8869E-05 6.88681E-05 -1.84E-12 7.7E-13 0
305 -1.5 -1.15 0 -6.87883E-05 6.87875E-05 1.1E-13 6.9E-13 0
306 -1.5 -1.1 0 -6.87032E-05 6.87044E-05 -1.03E-12 6.3E-13 0
307 -1.5 -1.05 0 -6.86165E-05 6.86162E-05 -4.5E-13 6.5E-13 0
308 -1.5 -1 0 -6.85256E-05 6.85264E-05 -1.17E-12 6.7E-13 0
309 -1.5 -0.95 0 -6.84305E-05 6.84303E-05 4E-14 6.5E-13 0
310 -1.5 -0.9 0 -6.83308E-05 6.83313E-05 -8.7E-13 6.7E-13 0
311 -1.5 -0.85 0 -6.82267E-05 6.82262E-05 -1.4E-13 6.3E-13 0
312 -1.5 -0.8 0 -6.81132E-05 6.8114E-05 -8.9E-13 6.3E-13 0
313 -1.5 -0.75 0 -6.79933E-05 6.79943E-05 -1E-14 6.6E-13 0
314 -1.5 -0.7 0 -6.78608E-05 6.78613E-05 -8.4E-13 6.1E-13 0
315 -1.5 -0.65 0 -6.77103E-05 6.77106E-05 0 5.7E-13 0
316 -1.5 -0.6 0 -6.75193E-05 6.75199E-05 -1.08E-12 6E-13 0
317 -1.5 -0.55 0 -6.72287E-05 6.72291E-05 2.5E-13 6.1E-13 0
318 -1.5 -0.5 0 -6.66793E-05 6.66788E-05 -9.9E-13 5.9E-13 0
319 -1.5 -0.45 0 -6.55687E-05 6.55685E-05 1.1E-13 5.7E-13 0
320 -1.5 -0.4 0 -6.35445E-05 6.35462E-05 -9.7E-13 5.4E-13 0
321 -1.5 -0.35 0 -6.03318E-05 6.03324E-05 1.3E-13 6.1E-13 0
322 -1.5 -0.3 0 -5.57922E-05 5.57938E-05 -9E-13 5.1E-13 0
323 -1.5 -0.25 0 -4.987E-05 4.98706E-05 5.3E-13 4.4E-13 0
324 -1.5 -0.2 0 -4.25461E-05 4.2547E-05 -1.07E-12 4.6E-13 0
325 -1.5 -0.15 0 -3.3872E-05 3.38722E-05 -2.2E-13 4.8E-13 0
326 -1.5 -0.1 0 -2.38473E-05 2.38483E-05 -1E-12 4.3E-13 0
327 -1.5 -0.05 0 -1.25441E-05 1.25441E-05 1E-13 3.8E-13 0
328 -1.5 0 0 1.59549E-08 -1.37439E-08 -7.6E-13 -1E-14 0
329 -2 0 0 1.24091E-08 -1.19201E-08 -1.183E-11 1.8E-13 0
330 -2 -0.05 0 -2.18581E-05 2.18607E-05 -4.78E-12 5.5E-13 0
331 -2 -0.1 0 -4.28663E-05 4.28674E-05 -4.18E-12 5.6E-13 0
332 -2 -0.15 0 -6.302E-05 6.30208E-05 -2.51E-12 6.2E-13 0
333 -2 -0.2 0 -8.2232E-05 8.22322E-05 -2.93E-12 6.3E-13 0
334 -2 -0.25 0 -0.0001005489 0.0001005488 -1.82E-12 5.5E-13 0
335 -2 -0.3 0 -0.000117823 0.000117848 -1.81E-12 5E-13 0
336 -2 -0.35 0 -0.000134157 0.000134182 -1.34E-12 5.9E-13 0
337 -2 -0.4 0 -0.000149499 0.000149521 -2E-12 6.4E-13 0
338 -2 -0.45 0 -0.000163767 0.000163794 -9.4E-13 5.9E-13 0
339 -2 -0.5 0 -0.000176986 0.00017701 -1.82E-12 6.4E-13 0
340 -2 -0.55 0 -0.000189073 0.000189098 -9.5E-13 6.3E-13 0
341 -2 -0.6 0 -0.00020002 0.000200044 -1.7E-12 6.4E-13 0
342 -2 -0.65 0 -0.000209815 0.000209838 -8.7E-13 6.6E-13 0
343 -2 -0.7 0 -0.000218391 0.000218416 -1.55E-12 6.6E-13 0
344 -2 -0.75 0 -0.000225751 0.000225776 -7.7E-13 6.5E-13 0
345 -2 -0.8 0 -0.000231865 0.000231891 -1.52E-12 5.8E-13 0
346 -2 -0.85 0 -0.000236761 0.000236789 -5.2E-13 6.8E-13 0
347 -2 -0.9 0 -0.000240488 0.000240512 -1.54E-12 7.5E-13 0
348 -2 -0.95 0 -0.000243151 0.000243178 -5.2E-13 7E-13 0
349 -2 -1 0 -0.000244932 0.000244959 -1.46E-12 7.3E-13 0
350 -2 -1.05 0 -0.000246086 0.000246109 -7.6E-13 8.2E-13 0
351 -2 -1.1 0 -0.000246848 0.000246875 -5.6E-13 6.2E-13 0
352 -2 -1.15 0 -0.000247406 0.000247431 -7.7E-13 7.8E-13 0
353 -2 -1.2 0 -0.000247861 0.000247888 -7.6E-13 7.5E-13 0
354 -2 -1.25 0 -0.000248261 0.000248286 -4.7E-13 7.6E-13 0
355 -2 -1.3 0 -0.000248623 0.00024865 -1.11E-12 7.7E-13 0
356 -2 -1.35 0 -0.00024896 0.000248986 -2.4E-13 7.7E-13 0
357 -2 -1.4 0 -0.000249277 0.000249303 -1.02E-12 8.5E-13 0
358 -2 -1.45 0 -0.000249579 0.000249604 -1.5E-13 8.8E-13 0
359 -2 -1.5 0 -0.000249861 0.000249889 -1.13E-12 8.2E-13 0
360 -2 -1.55 0 -0.000250137 0.000250161 -5.1E-13 8.7E-13 0
361 -2 -1.6 0 -0.0002504 0.000250425 -1.01E-12 8.6E-13 0
362 -2 -1.65 0 -0.000250653 0.00025068 -4.6E-13 8.8E-13 0
363 -2 -1.7 0 -0.000250895 0.000250921 -1.08E-12 8.4E-13 0
364 -2 -1.75 0 -0.000251136 0.000251159 -3.4E-13 8.5E-13 0
365 -2 -1.8 0 -0.000251369 0.000251391 -1.07E-12 9.3E-13 0
366 -2 -1.85 0 -0.000251592 0.000251618 -5.4E-13 8.4E-13 0
367 -2 -1.9 0 -0.000251811 0.000251834 -1.47E-12 8.6E-13 0
368 -2 -1.95 0 -0.000252027 0.000252052 -1.9E-13 8.5E-13 0
369 -2 -2 0 -0.000252234 0.00025226 -8.7E-13 8.1E-13 0
370 -2 -2 0 -0.000252235 0.000252259 -1.27E-12 8.3E-13 0
371 -2 -1.95 0 -0.000252029 0.000252053 -8.8E-13 9.1E-13 0
372 -2 -1.9 0 -0.000251814 0.000251835 -7.2E-13 8.2E-13 0
373 -2 -1.85 0 -0.000251595 0.000251619 -6.5E-13 9E-13 0
374 -2 -1.8 0 -0.00025137 0.000251393 -1.6E-13 9.6E-13 0
375 -2 -1.75 0 -0.000251139 0.000251161 -7.7E-13 7E-13 0
376 -2 -1.7 0 -0.0002509 0.000250924 -3.27E-12 5.6E-13 0
377 -2 -1.65 0 -0.000250657 0.000250681 -3.87E-12 5.1E-13 0
378 -2 -1.6 0 -0.000250403 0.000250426 -6.58E-12 4.1E-13 0
379 -2 -1.55 0 -0.000250139 0.000250167 -3.82E-12 6.7E-13 0
380 -2 -1.5 0 -0.000249865 0.000249889 -1.84E-12 9.5E-13 0
381 -2 -1.45 0 -0.00024958 0.000249604 -4.3E-13 1.05E-12 0
382 -2 -1.4 0 -0.000249281 0.000249308 6.1E-13 8.3E-13 0
383 -2 -1.35 0 -0.000248963 0.000248988 -1.5E-13 9.8E-13 0
384 -2 -1.3 0 -0.000248628 0.000248654 9.6E-13 8.5E-13 0
385 -2 -1.25 0 -0.000248263 0.000248288 5E-13 7.5E-13 0
386 -2 -1.2 0 -0.000247864 0.000247892 -5E-13 7.8E-13 0
387 -2 -1.15 0 -0.000247407 0.000247433 3E-14 7E-13 0
388 -2 -1.1 0 -0.00024685 0.000246875 -7.3E-13 7.4E-13 0
389 -2 -1.05 0 -0.000246085 0.000246111 -3.9E-13 6.8E-13 0
390 -2 -1 0 -0.000244932 0.000244958 -7.2E-13 7.8E-13 0
391 -2 -0.95 0 -0.00024315 0.000243174 -3.6E-13 7.2E-13 0
392 -2 -0.9 0 -0.000240486 0.000240513 -5.9E-13 7.3E-13 0
393 -2 -0.85 0 -0.000236769 0.000236793 -2.7E-13 7.5E-13 0
394 -2 -0.8 0 -0.000231865 0.000231895 -3.1E-13 7E-13 0
395 -2 -0.75 0 -0.000225756 0.000225781 -3.7E-13 6.3E-13 0
396 -2 -0.7 0 -0.000218396 0.000218423 -1.7E-12 9E-13 0
397 -2 -0.65 0 -0.000209822 0.000209849 1.17E-12 6.3E-13 0
398 -2 -0.6 0 -0.00020003 0.000200055 -6.8E-13 6.3E-13 0
399 -2 -0.55 0 -0.000189084 0.000189108 -3.9E-13 6E-13 0
400 -2 -0.5 0 -0.000176995 0.000177022 -8.6E-13 6.1E-13 0
401 -2 -0.45 0 -0.000163778 0.000163804 -8.2E-13 6.3E-13 0
402 -2 -0.4 0 -0.00014951 0.000149533 -7.2E-13 6.1E-13 0
403 -2 -0.35 0 -0.00013417 0.000134196 -2.2E-13 6.6E-13 0
404 -2 -0.3 0 -0.000117835 0.000117858 -9.9E-13 6.1E-13 0
405 -2 -0.25 0 -0.000100515 0.000100538 -4.6E-13 5.9E-13 0
406 -2 -0.2 0 -8.22306E-05 8.22397E-05 -5.9E-13 5.3E-13 0
407 -2 -0.15 0 -6.30273E-05 6.30272E-05 -6.3E-13 6E-13 0
408 -2 -0.1 0 -4.28723E-05 4.28724E-05 -7.4E-13 4.8E-13 0
409 -2 -0.05 0 -2.18639E-05 2.18625E-05 -9.4E-13 4.7E-13 0
410 -2 0 0 1.26269E-08 -1.13616E-08 -6.5E-13 1.3E-13 0
