FET Vds-Id
VG= 0 to 2 in 0.02 step
VDS= 0.05 to 0.5 in 0.45 step
NO. VG VDS ID IG VSUB
 V V A A V
1 0 0.05 3.122E-11 -3.07E-12 0
2 0.02 0.05 3.981E-11 5.25E-12 0
3 0.04 0.05 5.144E-11 3.86E-12 0
4 0.06 0.05 6.731E-11 6.28E-12 0
5 0.08 0.05 8.935E-11 3.04E-12 0
6 0.1 0.05 1.2153E-10 8.88E-12 0
7 0.12 0.05 1.6979E-10 6.49E-12 0
8 0.14 0.05 2.4343E-10 9.8E-12 0
9 0.16 0.05 3.5546E-10 8.35E-12 0
10 0.18 0.05 5.1447E-10 4.87E-12 0
11 0.2 0.05 7.7852E-10 4.25E-12 0
12 0.22 0.05 1.16519E-09 5.89E-12 0
13 0.24 0.05 1.73753E-09 1.275E-11 0
14 0.26 0.05 2.54915E-09 8.29E-12 0
15 0.28 0.05 3.6884E-09 1.012E-11 0
16 0.3 0.05 5.27133E-09 8.46E-12 0
17 0.32 0.05 7.43475E-09 1.414E-11 0
18 0.34 0.05 1.033089E-08 7.11E-12 0
19 0.36 0.05 1.37295E-08 8.47E-12 0
20 0.38 0.05 1.8841E-08 6.97E-12 0
21 0.4 0.05 2.52177E-08 9.85E-12 0
22 0.42 0.05 3.31821E-08 9.26E-12 0
23 0.44 0.05 4.30082E-08 1.426E-11 0
24 0.46 0.05 5.5087E-08 8.65E-12 0
25 0.48 0.05 6.96365E-08 1.42E-11 0
26 0.5 0.05 8.70381E-08 1.32E-11 0
27 0.52 0.05 1.07608E-07 1.581E-11 0
28 0.54 0.05 1.29336E-07 1.205E-11 0
29 0.56 0.05 1.58332E-07 9.68E-12 0
30 0.58 0.05 1.9053E-07 1.677E-11 0
31 0.6 0.05 2.26889E-07 1.635E-11 0
32 0.62 0.05 2.67455E-07 1.775E-11 0
33 0.64 0.05 3.13002E-07 1.581E-11 0
34 0.66 0.05 3.63444E-07 2.119E-11 0
35 0.68 0.05 4.18999E-07 1.936E-11 0
36 0.7 0.05 4.79661E-07 2.328E-11 0
37 0.72 0.05 5.46044E-07 1.921E-11 0
38 0.74 0.05 6.17861E-07 2.933E-11 0
39 0.76 0.05 6.95529E-07 2.512E-11 0
40 0.78 0.05 7.78769E-07 2.966E-11 0
41 0.8 0.05 8.67145E-07 3.014E-11 0
42 0.82 0.05 9.61936E-07 3.868E-11 0
43 0.84 0.05 1.06246E-06 3.762E-11 0
44 0.86 0.05 1.15792E-06 3.952E-11 0
45 0.88 0.05 1.27394E-06 4.888E-11 0
46 0.9 0.05 1.39254E-06 6.08E-11 0
47 0.92 0.05 1.51565E-06 6.231E-11 0
48 0.94 0.05 1.64356E-06 7.748E-11 0
49 0.96 0.05 1.77686E-06 8.648E-11 0
50 0.98 0.05 1.91557E-06 1.0299E-10 0
51 1 0.05 2.05926E-06 1.1449E-10 0
52 1.02 0.05 2.20707E-06 1.3476E-10 0
53 1.04 0.05 2.36018E-06 1.5363E-10 0
54 1.06 0.05 2.51799E-06 1.7987E-10 0
55 1.08 0.05 2.67993E-06 2.0055E-10 0
56 1.1 0.05 2.84556E-06 2.378E-10 0
57 1.12 0.05 3.01568E-06 2.7092E-10 0
58 1.14 0.05 3.18947E-06 3.1147E-10 0
59 1.16 0.05 3.36597E-06 3.5258E-10 0
60 1.18 0.05 3.54541E-06 4.1182E-10 0
61 1.2 0.05 3.72768E-06 4.6702E-10 0
62 1.22 0.05 3.91263E-06 5.3408E-10 0
63 1.24 0.05 4.09974E-06 6.0657E-10 0
64 1.26 0.05 4.28712E-06 6.9453E-10 0
65 1.28 0.05 4.47576E-06 7.8342E-10 0
66 1.3 0.05 4.66636E-06 8.8875E-10 0
67 1.32 0.05 4.8556E-06 1.00319E-09 0
68 1.34 0.05 5.04674E-06 1.12893E-09 0
69 1.36 0.05 5.23518E-06 1.27659E-09 0
70 1.38 0.05 5.42605E-06 1.43207E-09 0
71 1.4 0.05 5.61404E-06 1.61155E-09 0
72 1.42 0.05 5.80278E-06 1.80488E-09 0
73 1.44 0.05 5.98986E-06 2.02035E-09 0
74 1.46 0.05 6.17578E-06 2.25408E-09 0
75 1.48 0.05 6.35842E-06 2.51371E-09 0
76 1.5 0.05 6.54039E-06 2.79979E-09 0
77 1.52 0.05 6.72003E-06 3.10403E-09 0
78 1.54 0.05 6.8975E-06 3.44787E-09 0
79 1.56 0.05 7.07178E-06 3.81604E-09 0
80 1.58 0.05 7.24443E-06 4.22096E-09 0
81 1.6 0.05 7.41436E-06 4.65381E-09 0
82 1.62 0.05 7.56746E-06 4.99393E-09 0
83 1.64 0.05 7.71812E-06 5.55654E-09 0
84 1.66 0.05 7.87568E-06 5.9909E-09 0
85 1.68 0.05 8.01516E-06 6.53133E-09 0
86 1.7 0.05 8.15952E-06 7.12382E-09 0
87 1.72 0.05 8.31463E-06 7.91185E-09 0
88 1.74 0.05 8.46742E-06 8.5965E-09 0
89 1.76 0.05 8.64493E-06 9.5264E-09 0
90 1.78 0.05 8.80462E-06 1.05092E-08 0
91 1.8 0.05 8.95979E-06 1.15235E-08 0
92 1.82 0.05 9.10627E-06 1.26081E-08 0
93 1.84 0.05 9.24812E-06 1.37587E-08 0
94 1.86 0.05 9.38403E-06 1.49745E-08 0
95 1.88 0.05 9.51596E-06 1.627E-08 0
96 1.9 0.05 9.64381E-06 1.76629E-08 0
97 1.92 0.05 9.76712E-06 1.91382E-08 0
98 1.94 0.05 9.88557E-06 2.06994E-08 0
99 1.96 0.05 1.000114E-05 2.23806E-08 0
100 1.98 0.05 1.011327E-05 2.41794E-08 0
101 2 0.05 1.022085E-05 2.60861E-08 0
102 2 0.05 1.014467E-05 2.54812E-08 0
103 1.98 0.05 9.91178E-06 2.26519E-08 0
104 1.96 0.05 9.71801E-06 2.03223E-08 0
105 1.94 0.05 9.53352E-06 1.82955E-08 0
106 1.92 0.05 9.35397E-06 1.65044E-08 0
107 1.9 0.05 9.17534E-06 1.49012E-08 0
108 1.88 0.05 8.99699E-06 1.34615E-08 0
109 1.86 0.05 8.81816E-06 1.21548E-08 0
110 1.84 0.05 8.63917E-06 1.09796E-08 0
111 1.82 0.05 8.4582E-06 9.9167E-09 0
112 1.8 0.05 8.27721E-06 8.9667E-09 0
113 1.78 0.05 8.09621E-06 8.0903E-09 0
114 1.76 0.05 7.91366E-06 7.288E-09 0
115 1.74 0.05 7.72686E-06 6.60841E-09 0
116 1.72 0.05 7.56424E-06 5.94018E-09 0
117 1.7 0.05 7.37462E-06 5.33418E-09 0
118 1.68 0.05 7.18454E-06 4.794E-09 0
119 1.66 0.05 6.9916E-06 4.28889E-09 0
120 1.64 0.05 6.79696E-06 3.84196E-09 0
121 1.62 0.05 6.60225E-06 3.43362E-09 0
122 1.6 0.05 6.40514E-06 3.06672E-09 0
123 1.58 0.05 6.20688E-06 2.72909E-09 0
124 1.56 0.05 6.00758E-06 2.42888E-09 0
125 1.54 0.05 5.80857E-06 2.16042E-09 0
126 1.52 0.05 5.60815E-06 1.91101E-09 0
127 1.5 0.05 5.40746E-06 1.69103E-09 0
128 1.48 0.05 5.20752E-06 1.49281E-09 0
129 1.46 0.05 5.00851E-06 1.31821E-09 0
130 1.44 0.05 4.80963E-06 1.1562E-09 0
131 1.42 0.05 4.61162E-06 1.01234E-09 0
132 1.4 0.05 4.41562E-06 8.922E-10 0
133 1.38 0.05 4.22281E-06 7.7371E-10 0
134 1.36 0.05 4.02998E-06 6.7416E-10 0
135 1.34 0.05 3.84016E-06 5.8079E-10 0
136 1.32 0.05 3.65347E-06 5.0791E-10 0
137 1.3 0.05 3.47128E-06 4.3183E-10 0
138 1.28 0.05 3.29158E-06 3.7347E-10 0
139 1.26 0.05 3.11619E-06 3.1326E-10 0
140 1.24 0.05 2.94557E-06 2.7279E-10 0
141 1.22 0.05 2.77916E-06 2.2499E-10 0
142 1.2 0.05 2.61672E-06 1.9191E-10 0
143 1.18 0.05 2.45944E-06 1.5531E-10 0
144 1.16 0.05 2.30718E-06 1.3383E-10 0
145 1.14 0.05 2.1592E-06 1.0379E-10 0
146 1.12 0.05 2.01637E-06 8.51E-11 0
147 1.1 0.05 1.8792E-06 6.522E-11 0
148 1.08 0.05 1.74706E-06 5.538E-11 0
149 1.06 0.05 1.61958E-06 3.365E-11 0
150 1.04 0.05 1.49765E-06 2.714E-11 0
151 1.02 0.05 1.38058E-06 1.636E-11 0
152 1 0.05 1.26929E-06 1.121E-11 0
153 0.98 0.05 1.16303E-06 -3.09E-12 0
154 0.96 0.05 1.06172E-06 -2.53E-12 0
155 0.94 0.05 9.69495E-07 -4.79E-12 0
156 0.92 0.05 8.77706E-07 -1.534E-11 0
157 0.9 0.05 7.917E-07 -1.63E-11 0
158 0.88 0.05 7.1139E-07 -2.355E-11 0
159 0.86 0.05 6.36422E-07 -2.031E-11 0
160 0.84 0.05 5.66273E-07 -2.692E-11 0
161 0.82 0.05 5.01397E-07 -2.49E-11 0
162 0.8 0.05 4.41332E-07 -3.286E-11 0
163 0.78 0.05 3.8651E-07 -2.588E-11 0
164 0.76 0.05 3.36264E-07 -3.271E-11 0
165 0.74 0.05 2.90465E-07 -3.119E-11 0
166 0.72 0.05 2.49156E-07 -3.631E-11 0
167 0.7 0.05 2.12142E-07 -2.793E-11 0
168 0.68 0.05 1.79254E-07 -3.767E-11 0
169 0.66 0.05 1.50044E-07 -3.283E-11 0
170 0.64 0.05 1.246E-07 -3.538E-11 0
171 0.62 0.05 1.02392E-07 -3.197E-11 0
172 0.6 0.05 8.3692E-08 -2.975E-11 0
173 0.58 0.05 6.73314E-08 -3.68E-11 0
174 0.56 0.05 5.36128E-08 -3.284E-11 0
175 0.54 0.05 4.21622E-08 -3.598E-11 0
176 0.52 0.05 3.28115E-08 -3.179E-11 0
177 0.5 0.05 2.52073E-08 -3.787E-11 0
178 0.48 0.05 1.91157E-08 -3.267E-11 0
179 0.46 0.05 1.43066E-08 -3.543E-11 0
180 0.44 0.05 1.05727E-08 -3.189E-11 0
181 0.42 0.05 7.92283E-09 -3.456E-11 0
182 0.4 0.05 5.65057E-09 -2.897E-11 0
183 0.38 0.05 3.9998E-09 -3.36E-11 0
184 0.36 0.05 2.8024E-09 -3.208E-11 0
185 0.34 0.05 1.94817E-09 -3.644E-11 0
186 0.32 0.05 1.34443E-09 -2.905E-11 0
187 0.3 0.05 9.2161E-10 -3.541E-11 0
188 0.28 0.05 6.358E-10 -3.456E-11 0
189 0.26 0.05 4.4017E-10 -3.335E-11 0
190 0.24 0.05 3.0764E-10 -3.192E-11 0
191 0.22 0.05 2.2137E-10 -2.921E-11 0
192 0.2 0.05 1.6403E-10 -2.133E-11 0
193 0.18 0.05 1.2086E-10 -2.69E-11 0
194 0.16 0.05 9.083E-11 -2.248E-11 0
195 0.14 0.05 6.972E-11 -2.866E-11 0
196 0.12 0.05 5.438E-11 -2.787E-11 0
197 0.1 0.05 4.288E-11 -2.456E-11 0
198 0.08 0.05 3.414E-11 -2.968E-11 0
199 0.06 0.05 2.753E-11 -2.833E-11 0
200 0.04 0.05 2.248E-11 -2.354E-11 0
201 0.02 0.05 1.85E-11 -2.706E-11 0
202 0 0.05 1.541E-11 -2.56E-11 0
203 0 0.5 3.796E-11 -1.874E-11 0
204 0.02 0.5 4.113E-11 -6.69E-12 0
205 0.04 0.5 4.726E-11 -8.94E-12 0
206 0.06 0.5 5.614E-11 -4.95E-12 0
207 0.08 0.5 6.813E-11 3.5E-13 0
208 0.1 0.5 8.448E-11 -2.19E-12 0
209 0.12 0.5 1.0742E-10 -2.5E-13 0
210 0.14 0.5 1.4049E-10 5.56E-12 0
211 0.16 0.5 1.9002E-10 8.8E-13 0
212 0.18 0.5 2.6568E-10 1.88E-12 0
213 0.2 0.5 3.835E-10 1.62E-12 0
214 0.22 0.5 5.7198E-10 2.12E-12 0
215 0.24 0.5 8.6855E-10 3.27E-12 0
216 0.26 0.5 1.32861E-09 6.86E-12 0
217 0.28 0.5 2.02611E-09 2.39E-12 0
218 0.3 0.5 3.07494E-09 8.19E-12 0
219 0.32 0.5 4.6181E-09 5.81E-12 0
220 0.34 0.5 6.85132E-09 8.19E-12 0
221 0.36 0.5 1.001348E-08 3.45E-12 0
222 0.38 0.5 1.39491E-08 3.58E-12 0
223 0.4 0.5 2.02368E-08 1.75E-12 0
224 0.42 0.5 2.85573E-08 1.04E-11 0
225 0.44 0.5 3.95518E-08 5.72E-12 0
226 0.46 0.5 5.39964E-08 9.17E-12 0
227 0.48 0.5 7.26718E-08 5.07E-12 0
228 0.5 0.5 9.64593E-08 1.38E-11 0
229 0.52 0.5 1.23446E-07 7.55E-12 0
230 0.54 0.5 1.62092E-07 5.14E-12 0
231 0.56 0.5 2.08618E-07 1.054E-11 0
232 0.58 0.5 2.64868E-07 9.61E-12 0
233 0.6 0.5 3.32466E-07 1.286E-11 0
234 0.62 0.5 4.12709E-07 8.53E-12 0
235 0.64 0.5 5.07906E-07 1.352E-11 0
236 0.66 0.5 6.19401E-07 1.155E-11 0
237 0.68 0.5 7.49198E-07 1.577E-11 0
238 0.7 0.5 8.98577E-07 1.08E-11 0
239 0.72 0.5 1.070321E-06 1.6E-11 0
240 0.74 0.5 1.23807E-06 4.95E-12 0
241 0.76 0.5 1.47317E-06 1.529E-11 0
242 0.78 0.5 1.72714E-06 1.237E-11 0
243 0.8 0.5 2.00825E-06 2.032E-11 0
244 0.82 0.5 2.32188E-06 1.873E-11 0
245 0.84 0.5 2.6686E-06 2.313E-11 0
246 0.86 0.5 3.05179E-06 1.991E-11 0
247 0.88 0.5 3.47125E-06 2.933E-11 0
248 0.9 0.5 3.93133E-06 2.767E-11 0
249 0.92 0.5 4.43423E-06 3.25E-11 0
250 0.94 0.5 4.97827E-06 3.266E-11 0
251 0.96 0.5 5.56915E-06 4.418E-11 0
252 0.98 0.5 6.20813E-06 4.315E-11 0
253 1 0.5 6.89478E-06 5.197E-11 0
254 1.02 0.5 7.62645E-06 5.535E-11 0
255 1.04 0.5 8.41371E-06 6.874E-11 0
256 1.06 0.5 9.25268E-06 7.238E-11 0
257 1.08 0.5 1.014304E-05 8.527E-11 0
258 1.1 0.5 1.108187E-05 9.497E-11 0
259 1.12 0.5 1.19468E-05 9.611E-11 0
260 1.14 0.5 1.30705E-05 1.2264E-10 0
261 1.16 0.5 1.42E-05 1.3758E-10 0
262 1.18 0.5 1.53649E-05 1.632E-10 0
263 1.2 0.5 1.65873E-05 1.7804E-10 0
264 1.22 0.5 1.78588E-05 2.093E-10 0
265 1.24 0.5 1.91774E-05 2.3487E-10 0
266 1.26 0.5 2.05426E-05 2.691E-10 0
267 1.28 0.5 2.1956E-05 2.997E-10 0
268 1.3 0.5 2.34216E-05 3.4537E-10 0
269 1.32 0.5 2.49237E-05 3.8714E-10 0
270 1.34 0.5 2.64784E-05 4.3926E-10 0
271 1.36 0.5 2.80681E-05 4.8977E-10 0
272 1.38 0.5 2.97021E-05 5.5685E-10 0
273 1.4 0.5 3.13594E-05 6.228E-10 0
274 1.42 0.5 3.30627E-05 7.0094E-10 0
275 1.44 0.5 3.47961E-05 7.8175E-10 0
276 1.46 0.5 3.65574E-05 8.8067E-10 0
277 1.48 0.5 3.83296E-05 9.7917E-10 0
278 1.5 0.5 4.01422E-05 1.09032E-09 0
279 1.52 0.5 4.19535E-05 1.21955E-09 0
280 1.54 0.5 4.38025E-05 1.35761E-09 0
281 1.56 0.5 4.56493E-05 1.50755E-09 0
282 1.58 0.5 4.74995E-05 1.67646E-09 0
283 1.6 0.5 4.93778E-05 1.85656E-09 0
284 1.62 0.5 5.12524E-05 2.06161E-09 0
285 1.64 0.5 5.31224E-05 2.28352E-09 0
286 1.66 0.5 5.49979E-05 2.52013E-09 0
287 1.68 0.5 5.68633E-05 2.78599E-09 0
288 1.7 0.5 5.87145E-05 3.06994E-09 0
289 1.72 0.5 6.0561E-05 3.38461E-09 0
290 1.74 0.5 6.2393E-05 3.71993E-09 0
291 1.76 0.5 6.42092E-05 4.0936E-09 0
292 1.78 0.5 6.6001E-05 4.48979E-09 0
293 1.8 0.5 6.77834E-05 4.92796E-09 0
294 1.82 0.5 6.95465E-05 5.3956E-09 0
295 1.84 0.5 7.11616E-05 5.77515E-09 0
296 1.86 0.5 7.27562E-05 6.3733E-09 0
297 1.88 0.5 7.44085E-05 6.84914E-09 0
298 1.9 0.5 7.59071E-05 7.42766E-09 0
299 1.92 0.5 7.75401E-05 8.19517E-09 0
300 1.94 0.5 7.91579E-05 8.8565E-09 0
301 1.96 0.5 8.10075E-05 9.7504E-09 0
302 1.98 0.5 8.26965E-05 1.0712E-08 0
303 2 0.5 8.43334E-05 1.16933E-08 0
304 2 0.5 8.37632E-05 1.14538E-08 0
305 1.98 0.5 8.12688E-05 1.013E-08 0
306 1.96 0.5 7.91002E-05 9.0483E-09 0
307 1.94 0.5 7.70092E-05 8.1229E-09 0
308 1.92 0.5 7.49642E-05 7.33558E-09 0
309 1.9 0.5 7.30956E-05 6.59117E-09 0
310 1.88 0.5 7.10566E-05 5.92038E-09 0
311 1.86 0.5 6.90225E-05 5.32955E-09 0
312 1.84 0.5 6.69969E-05 4.79275E-09 0
313 1.82 0.5 6.49636E-05 4.31251E-09 0
314 1.8 0.5 6.2926E-05 3.8706E-09 0
315 1.78 0.5 6.08899E-05 3.4827E-09 0
316 1.76 0.5 5.88619E-05 3.1251E-09 0
317 1.74 0.5 5.68296E-05 2.80331E-09 0
318 1.72 0.5 5.48017E-05 2.51321E-09 0
319 1.7 0.5 5.27802E-05 2.24941E-09 0
320 1.68 0.5 5.07751E-05 2.0134E-09 0
321 1.66 0.5 4.8779E-05 1.79925E-09 0
322 1.64 0.5 4.6791E-05 1.60481E-09 0
323 1.62 0.5 4.48373E-05 1.43264E-09 0
324 1.6 0.5 4.28888E-05 1.27293E-09 0
325 1.58 0.5 4.0971E-05 1.13441E-09 0
326 1.56 0.5 3.90921E-05 1.00493E-09 0
327 1.54 0.5 3.72317E-05 8.902E-10 0
328 1.52 0.5 3.54022E-05 7.9184E-10 0
329 1.5 0.5 3.36128E-05 6.9208E-10 0
330 1.48 0.5 3.1853E-05 6.1088E-10 0
331 1.46 0.5 3.01443E-05 5.3633E-10 0
332 1.44 0.5 2.84731E-05 4.7304E-10 0
333 1.42 0.5 2.68522E-05 4.069E-10 0
334 1.4 0.5 2.52753E-05 3.5939E-10 0
335 1.38 0.5 2.37538E-05 3.0955E-10 0
336 1.36 0.5 2.22761E-05 2.7136E-10 0
337 1.34 0.5 2.08539E-05 2.271E-10 0
338 1.32 0.5 1.94806E-05 2.0121E-10 0
339 1.3 0.5 1.81691E-05 1.6822E-10 0
340 1.28 0.5 1.69039E-05 1.4484E-10 0
341 1.26 0.5 1.56964E-05 1.1798E-10 0
342 1.24 0.5 1.45448E-05 1.0419E-10 0
343 1.22 0.5 1.34456E-05 8.15E-11 0
344 1.2 0.5 1.23974E-05 6.963E-11 0
345 1.18 0.5 1.14034E-05 5.2E-11 0
346 1.16 0.5 1.04664E-05 4.647E-11 0
347 1.14 0.5 9.59095E-06 3.746E-11 0
348 1.12 0.5 8.75052E-06 2.288E-11 0
349 1.1 0.5 7.96385E-06 1.816E-11 0
350 1.08 0.5 7.22816E-06 8.02E-12 0
351 1.06 0.5 6.53689E-06 9.1E-12 0
352 1.04 0.5 5.89488E-06 -3.54E-12 0
353 1.02 0.5 5.29641E-06 -3.48E-12 0
354 1 0.5 4.74435E-06 -1.027E-11 0
355 0.98 0.5 4.23325E-06 -7.87E-12 0
356 0.96 0.5 3.76213E-06 -1.745E-11 0
357 0.94 0.5 3.32905E-06 -1.584E-11 0
358 0.92 0.5 2.93618E-06 -1.895E-11 0
359 0.9 0.5 2.57694E-06 -1.758E-11 0
360 0.88 0.5 2.25091E-06 -2.546E-11 0
361 0.86 0.5 1.95709E-06 -2.133E-11 0
362 0.84 0.5 1.69236E-06 -2.399E-11 0
363 0.82 0.5 1.45483E-06 -2.383E-11 0
364 0.8 0.5 1.24344E-06 -2.845E-11 0
365 0.78 0.5 1.05759E-06 -2.302E-11 0
366 0.76 0.5 8.96152E-07 -2.229E-11 0
367 0.74 0.5 7.49971E-07 -2.754E-11 0
368 0.72 0.5 6.23905E-07 -2.638E-11 0
369 0.7 0.5 5.15201E-07 -3.084E-11 0
370 0.68 0.5 4.22683E-07 -2.335E-11 0
371 0.66 0.5 3.43417E-07 -3.033E-11 0
372 0.64 0.5 2.7659E-07 -2.742E-11 0
373 0.62 0.5 2.20779E-07 -3.023E-11 0
374 0.6 0.5 1.74582E-07 -2.499E-11 0
375 0.58 0.5 1.36509E-07 -3.188E-11 0
376 0.56 0.5 1.05665E-07 -2.701E-11 0
377 0.54 0.5 8.11321E-08 -2.646E-11 0
378 0.52 0.5 6.14116E-08 -3.026E-11 0
379 0.5 0.5 4.58651E-08 -2.583E-11 0
380 0.48 0.5 3.38704E-08 -3.227E-11 0
381 0.46 0.5 2.46998E-08 -2.785E-11 0
382 0.44 0.5 1.7791E-08 -3.039E-11 0
383 0.42 0.5 1.26854E-08 -2.583E-11 0
384 0.4 0.5 9.16927E-09 -2.201E-11 0
385 0.38 0.5 6.32239E-09 -3.192E-11 0
386 0.36 0.5 4.3362E-09 -2.527E-11 0
387 0.34 0.5 2.95819E-09 -2.929E-11 0
388 0.32 0.5 2.00687E-09 -2.543E-11 0
389 0.3 0.5 1.3573E-09 -3.352E-11 0
390 0.28 0.5 9.2827E-10 -3.163E-11 0
391 0.26 0.5 6.41E-10 -3.094E-11 0
392 0.24 0.5 4.4968E-10 -2.997E-11 0
393 0.22 0.5 3.2242E-10 -3.022E-11 0
394 0.2 0.5 2.4033E-10 -2.619E-11 0
395 0.18 0.5 1.8183E-10 -2.334E-11 0
396 0.16 0.5 1.4096E-10 -2.685E-11 0
397 0.14 0.5 1.1181E-10 -2.502E-11 0
398 0.12 0.5 9.023E-11 -2.178E-11 0
399 0.1 0.5 7.399E-11 -2.696E-11 0
400 0.08 0.5 6.197E-11 -2.666E-11 0
401 0.06 0.5 5.257E-11 -2.316E-11 0
402 0.04 0.5 4.564E-11 -2.781E-11 0
403 0.02 0.5 4.049E-11 -2.518E-11 0
404 0 0.5 3.658E-11 -2.141E-11 0
