FET Vds-Id
VG= -2 to 4 in 0.02 step
VDS= 0.05 to 0.5 in 0.45 step
NO. VG VDS ID IG VSUB
 V V A A V
1 -2 0.05 1.12731E-07 -1.2397E-10 0
2 -1.98 0.05 9.09286E-08 -8.159E-11 0
3 -1.96 0.05 7.71329E-08 -5.193E-11 0
4 -1.94 0.05 6.4974E-08 -4.572E-11 0
5 -1.92 0.05 5.49029E-08 -3.045E-11 0
6 -1.9 0.05 4.61603E-08 -3.229E-11 0
7 -1.88 0.05 3.82076E-08 -1.78E-11 0
8 -1.86 0.05 3.16543E-08 -2.255E-11 0
9 -1.84 0.05 2.58187E-08 -1.386E-11 0
10 -1.82 0.05 2.10378E-08 -1.677E-11 0
11 -1.8 0.05 1.68025E-08 -6.89E-12 0
12 -1.78 0.05 1.34158E-08 -1.366E-11 0
13 -1.76 0.05 1.05209E-08 -5.64E-12 0
14 -1.74 0.05 8.31205E-09 -6.29E-12 0
15 -1.72 0.05 6.38329E-09 -1.065E-11 0
16 -1.7 0.05 4.92908E-09 -3.1E-13 0
17 -1.68 0.05 3.7836E-09 -9.3E-12 0
18 -1.66 0.05 2.86239E-09 -1.68E-12 0
19 -1.64 0.05 2.1862E-09 -7E-12 0
20 -1.62 0.05 1.65235E-09 1.57E-12 0
21 -1.6 0.05 1.25708E-09 -7.4E-12 0
22 -1.58 0.05 9.5767E-10 1.78E-12 0
23 -1.56 0.05 7.3632E-10 2.45E-12 0
24 -1.54 0.05 5.6839E-10 3.76E-12 0
25 -1.52 0.05 4.431E-10 3.46E-12 0
26 -1.5 0.05 3.5194E-10 3.94E-12 0
27 -1.48 0.05 2.7948E-10 2.17E-12 0
28 -1.46 0.05 2.2656E-10 2.06E-12 0
29 -1.44 0.05 1.8178E-10 5.21E-12 0
30 -1.42 0.05 1.4972E-10 -5.43E-12 0
31 -1.4 0.05 1.2338E-10 3.7E-12 0
32 -1.38 0.05 1.0301E-10 -3.22E-12 0
33 -1.36 0.05 8.611E-11 5.36E-12 0
34 -1.34 0.05 7.768E-11 2.441E-11 0
35 -1.32 0.05 6.134E-11 5.08E-12 0
36 -1.3 0.05 5.154E-11 -2.68E-12 0
37 -1.28 0.05 4.388E-11 4.92E-12 0
38 -1.26 0.05 3.726E-11 2.41E-12 0
39 -1.24 0.05 3.194E-11 -3.92E-12 0
40 -1.22 0.05 2.736E-11 4.28E-12 0
41 -1.2 0.05 2.378E-11 -4.4E-12 0
42 -1.18 0.05 2.083E-11 6.57E-12 0
43 -1.16 0.05 1.822E-11 -5.4E-13 0
44 -1.14 0.05 1.583E-11 6.77E-12 0
45 -1.12 0.05 1.39E-11 -1.73E-12 0
46 -1.1 0.05 1.211E-11 7.03E-12 0
47 -1.08 0.05 1.08E-11 3.3E-13 0
48 -1.06 0.05 9.57E-12 7.36E-12 0
49 -1.04 0.05 8.37E-12 -1.52E-12 0
50 -1.02 0.05 7.64E-12 7.59E-12 0
51 -1 0.05 6.47E-12 -1.12E-12 0
52 -0.98 0.05 5.93E-12 8.51E-12 0
53 -0.96 0.05 5.55E-12 -1.8E-13 0
54 -0.94 0.05 4.92E-12 7.62E-12 0
55 -0.92 0.05 4.46E-12 4.5E-13 0
56 -0.9 0.05 4.19E-12 9.86E-12 0
57 -0.88 0.05 3.69E-12 1.96E-12 0
58 -0.86 0.05 3.47E-12 9.54E-12 0
59 -0.84 0.05 3.03E-12 1.09E-12 0
60 -0.82 0.05 2.95E-12 1.054E-11 0
61 -0.8 0.05 3.11E-12 3.57E-12 0
62 -0.78 0.05 3.25E-12 1.13E-11 0
63 -0.76 0.05 2.97E-12 3.67E-12 0
64 -0.74 0.05 2.9E-12 1.313E-11 0
65 -0.72 0.05 2.84E-12 5.17E-12 0
66 -0.7 0.05 2.76E-12 1.224E-11 0
67 -0.68 0.05 2.82E-12 3.87E-12 0
68 -0.66 0.05 3.11E-12 1.38E-11 0
69 -0.64 0.05 3.11E-12 7.64E-12 0
70 -0.62 0.05 3.52E-12 1.535E-11 0
71 -0.6 0.05 3.83E-12 5.73E-12 0
72 -0.58 0.05 4.17E-12 1.434E-11 0
73 -0.56 0.05 4.81E-12 7.83E-12 0
74 -0.54 0.05 5.36E-12 1.692E-11 0
75 -0.52 0.05 6.1E-12 8.86E-12 0
76 -0.5 0.05 7.31E-12 1.609E-11 0
77 -0.48 0.05 8.7E-12 9.9E-12 0
78 -0.46 0.05 1.048E-11 1.946E-11 0
79 -0.44 0.05 1.262E-11 1.079E-11 0
80 -0.42 0.05 1.547E-11 1.809E-11 0
81 -0.4 0.05 1.884E-11 1.111E-11 0
82 -0.38 0.05 2.321E-11 2.085E-11 0
83 -0.36 0.05 2.897E-11 1.385E-11 0
84 -0.34 0.05 3.589E-11 2E-11 0
85 -0.32 0.05 4.513E-11 1.217E-11 0
86 -0.3 0.05 5.7E-11 2.083E-11 0
87 -0.28 0.05 7.315E-11 1.468E-11 0
88 -0.26 0.05 9.45E-11 2.175E-11 0
89 -0.24 0.05 1.2569E-10 1.98E-11 0
90 -0.22 0.05 1.6882E-10 1.333E-11 0
91 -0.2 0.05 2.3101E-10 2.153E-11 0
92 -0.18 0.05 3.2526E-10 1.556E-11 0
93 -0.16 0.05 4.4197E-10 9.38E-12 0
94 -0.14 0.05 6.5683E-10 2.206E-11 0
95 -0.12 0.05 9.4333E-10 2.078E-11 0
96 -0.1 0.05 1.37947E-09 1.64E-11 0
97 -0.08 0.05 1.96816E-09 2.641E-11 0
98 -0.06 0.05 2.82203E-09 1.772E-11 0
99 -0.04 0.05 3.94227E-09 2.398E-11 0
100 -0.02 0.05 5.46459E-09 1.926E-11 0
101 0 0.05 7.69956E-09 2.703E-11 0
102 0.02 0.05 1.039541E-08 1.694E-11 0
103 0.04 0.05 1.32339E-08 1.881E-11 0
104 0.06 0.05 1.81283E-08 1.534E-11 0
105 0.08 0.05 2.38876E-08 2.453E-11 0
106 0.1 0.05 3.12812E-08 1.871E-11 0
107 0.12 0.05 3.9916E-08 2.605E-11 0
108 0.14 0.05 5.08123E-08 1.817E-11 0
109 0.16 0.05 6.32123E-08 2.717E-11 0
110 0.18 0.05 7.85778E-08 1.925E-11 0
111 0.2 0.05 9.5558E-08 2.804E-11 0
112 0.22 0.05 1.12167E-07 2.166E-11 0
113 0.24 0.05 1.36903E-07 1.687E-11 0
114 0.26 0.05 1.6263E-07 2.79E-11 0
115 0.28 0.05 1.9261E-07 2.173E-11 0
116 0.3 0.05 2.23938E-07 2.811E-11 0
117 0.32 0.05 2.60251E-07 2.091E-11 0
118 0.34 0.05 2.97682E-07 3.192E-11 0
119 0.36 0.05 3.4058E-07 2.282E-11 0
120 0.38 0.05 3.84504E-07 2.993E-11 0
121 0.4 0.05 4.34026E-07 2.576E-11 0
122 0.42 0.05 4.84306E-07 3.365E-11 0
123 0.44 0.05 5.3777E-07 2.622E-11 0
124 0.46 0.05 5.97563E-07 3.465E-11 0
125 0.48 0.05 6.57034E-07 2.853E-11 0
126 0.5 0.05 7.23339E-07 3.893E-11 0
127 0.52 0.05 7.89279E-07 3.173E-11 0
128 0.54 0.05 8.61758E-07 4.119E-11 0
129 0.56 0.05 9.33737E-07 3.726E-11 0
130 0.58 0.05 1.012424E-06 4.742E-11 0
131 0.6 0.05 1.089948E-06 4.076E-11 0
132 0.62 0.05 1.15295E-06 4.569E-11 0
133 0.64 0.05 1.24766E-06 4.822E-11 0
134 0.66 0.05 1.33627E-06 5.961E-11 0
135 0.68 0.05 1.43072E-06 5.876E-11 0
136 0.7 0.05 1.52189E-06 7.304E-11 0
137 0.72 0.05 1.6204E-06 7.282E-11 0
138 0.74 0.05 1.71546E-06 8.696E-11 0
139 0.76 0.05 1.81892E-06 9.019E-11 0
140 0.78 0.05 1.9186E-06 1.0695E-10 0
141 0.8 0.05 2.02604E-06 1.1162E-10 0
142 0.82 0.05 2.12832E-06 1.316E-10 0
143 0.84 0.05 2.23425E-06 1.3954E-10 0
144 0.86 0.05 2.34822E-06 1.6524E-10 0
145 0.88 0.05 2.45691E-06 1.7691E-10 0
146 0.9 0.05 2.5743E-06 2.052E-10 0
147 0.92 0.05 2.68609E-06 2.2125E-10 0
148 0.94 0.05 2.80615E-06 2.6068E-10 0
149 0.96 0.05 2.92139E-06 2.8154E-10 0
150 0.98 0.05 3.04431E-06 3.2516E-10 0
151 1 0.05 3.16195E-06 3.5637E-10 0
152 1.02 0.05 3.27987E-06 4.0663E-10 0
153 1.04 0.05 3.40786E-06 4.5017E-10 0
154 1.06 0.05 3.52853E-06 5.1055E-10 0
155 1.08 0.05 3.65746E-06 5.6786E-10 0
156 1.1 0.05 3.7798E-06 6.4022E-10 0
157 1.12 0.05 3.91007E-06 7.0973E-10 0
158 1.14 0.05 4.03311E-06 8.0042E-10 0
159 1.16 0.05 4.16521E-06 8.8897E-10 0
160 1.18 0.05 4.28868E-06 9.9589E-10 0
161 1.2 0.05 4.42126E-06 1.10735E-09 0
162 1.22 0.05 4.54359E-06 1.22877E-09 0
163 1.24 0.05 4.67032E-06 1.36691E-09 0
164 1.26 0.05 4.80282E-06 1.51549E-09 0
165 1.28 0.05 4.92467E-06 1.68189E-09 0
166 1.3 0.05 5.05914E-06 1.87304E-09 0
167 1.32 0.05 5.1841E-06 2.07224E-09 0
168 1.34 0.05 5.31723E-06 2.29979E-09 0
169 1.36 0.05 5.44036E-06 2.53497E-09 0
170 1.38 0.05 5.57181E-06 2.80596E-09 0
171 1.4 0.05 5.69403E-06 3.08833E-09 0
172 1.42 0.05 5.81668E-06 3.38679E-09 0
173 1.44 0.05 5.94643E-06 3.74426E-09 0
174 1.46 0.05 6.06642E-06 4.09815E-09 0
175 1.48 0.05 6.19452E-06 4.51985E-09 0
176 1.5 0.05 6.31303E-06 4.93578E-09 0
177 1.52 0.05 6.43933E-06 5.42935E-09 0
178 1.54 0.05 6.5373E-06 5.74405E-09 0
179 1.56 0.05 6.63934E-06 6.36081E-09 0
180 1.58 0.05 6.75016E-06 6.78196E-09 0
181 1.6 0.05 6.84386E-06 7.3589E-09 0
182 1.62 0.05 6.98877E-06 8.1358E-09 0
183 1.64 0.05 7.12454E-06 8.939E-09 0
184 1.66 0.05 7.26198E-06 9.853E-09 0
185 1.68 0.05 7.38961E-06 1.07597E-08 0
186 1.7 0.05 7.51774E-06 1.17688E-08 0
187 1.72 0.05 7.63432E-06 1.27829E-08 0
188 1.74 0.05 7.75534E-06 1.39246E-08 0
189 1.76 0.05 7.86484E-06 1.5064E-08 0
190 1.78 0.05 7.98116E-06 1.63554E-08 0
191 1.8 0.05 8.08617E-06 1.76529E-08 0
192 1.82 0.05 8.19142E-06 1.90322E-08 0
193 1.84 0.05 8.30213E-06 2.05911E-08 0
194 1.86 0.05 8.4033E-06 2.21592E-08 0
195 1.88 0.05 8.51099E-06 2.39148E-08 0
196 1.9 0.05 8.60935E-06 2.56855E-08 0
197 1.92 0.05 8.71506E-06 2.76801E-08 0
198 1.94 0.05 8.81136E-06 2.96763E-08 0
199 1.96 0.05 8.91463E-06 3.1911E-08 0
200 1.98 0.05 9.00865E-06 3.41486E-08 0
201 2 0.05 9.10983E-06 3.66676E-08 0
202 2.02 0.05 9.20263E-06 3.91794E-08 0
203 2.04 0.05 9.29521E-06 4.18227E-08 0
204 2.06 0.05 9.3939E-06 4.48028E-08 0
205 2.08 0.05 9.48373E-06 4.77494E-08 0
206 2.1 0.05 9.58127E-06 5.106E-08 0
207 2.12 0.05 9.66996E-06 5.43687E-08 0
208 2.14 0.05 9.76504E-06 5.80227E-08 0
209 2.16 0.05 9.85259E-06 6.16743E-08 0
210 2.18 0.05 9.94633E-06 6.5711E-08 0
211 2.2 0.05 1.00335E-05 6.97532E-08 0
212 2.22 0.05 1.012086E-05 7.39843E-08 0
213 2.24 0.05 1.021357E-05 7.86481E-08 0
214 2.26 0.05 1.029978E-05 8.32874E-08 0
215 2.28 0.05 1.039193E-05 8.83764E-08 0
216 2.3 0.05 1.047778E-05 9.33948E-08 0
217 2.32 0.05 1.055469E-05 9.76046E-08 0
218 2.34 0.05 1.062539E-05 1.02204E-07 0
219 2.36 0.05 1.072552E-05 1.08776E-07 0
220 2.38 0.05 1.081351E-05 1.14922E-07 0
221 2.4 0.05 1.090584E-05 1.21582E-07 0
222 2.42 0.05 1.099028E-05 1.28037E-07 0
223 2.44 0.05 1.107435E-05 1.34702E-07 0
224 2.46 0.05 1.116151E-05 1.4195E-07 0
225 2.48 0.05 1.124136E-05 1.48967E-07 0
226 2.5 0.05 1.132514E-05 1.56642E-07 0
227 2.52 0.05 1.13956E-05 1.63705E-07 0
228 2.54 0.05 1.14818E-05 1.71958E-07 0
229 2.56 0.05 1.1556E-05 1.79882E-07 0
230 2.58 0.05 1.16323E-05 1.88519E-07 0
231 2.6 0.05 1.17029E-05 1.969E-07 0
232 2.62 0.05 1.17718E-05 2.05495E-07 0
233 2.64 0.05 1.18422E-05 2.14882E-07 0
234 2.66 0.05 1.19062E-05 2.23902E-07 0
235 2.68 0.05 1.19722E-05 2.33847E-07 0
236 2.7 0.05 1.20318E-05 2.43325E-07 0
237 2.72 0.05 1.20924E-05 2.53788E-07 0
238 2.74 0.05 1.21475E-05 2.63873E-07 0
239 2.76 0.05 1.22031E-05 2.74973E-07 0
240 2.78 0.05 1.22529E-05 2.8576E-07 0
241 2.8 0.05 1.23034E-05 2.97613E-07 0
242 2.82 0.05 1.23484E-05 3.0905E-07 0
243 2.84 0.05 1.23917E-05 3.20951E-07 0
244 2.86 0.05 1.24348E-05 3.34004E-07 0
245 2.88 0.05 1.2472E-05 3.4685E-07 0
246 2.9 0.05 1.25099E-05 3.60922E-07 0
247 2.92 0.05 1.25422E-05 3.7472E-07 0
248 2.94 0.05 1.25754E-05 3.90075E-07 0
249 2.96 0.05 1.2604E-05 4.05009E-07 0
250 2.98 0.05 1.26326E-05 4.21792E-07 0
251 3 0.05 1.26562E-05 4.38173E-07 0
252 3.02 0.05 1.26778E-05 4.55428E-07 0
253 3.04 0.05 1.27001E-05 4.74609E-07 0
254 3.06 0.05 1.27181E-05 4.93548E-07 0
255 3.08 0.05 1.2736E-05 5.14567E-07 0
256 3.1 0.05 1.27503E-05 5.35638E-07 0
257 3.12 0.05 1.27647E-05 5.58721E-07 0
258 3.14 0.05 1.27749E-05 5.81769E-07 0
259 3.16 0.05 1.27861E-05 6.07294E-07 0
260 3.18 0.05 1.27935E-05 6.32969E-07 0
261 3.2 0.05 1.28016E-05 6.6117E-07 0
262 3.22 0.05 1.2806E-05 6.89608E-07 0
263 3.24 0.05 1.28093E-05 7.19495E-07 0
264 3.26 0.05 1.28128E-05 7.52426E-07 0
265 3.28 0.05 1.2813E-05 7.85466E-07 0
266 3.3 0.05 1.28136E-05 8.21942E-07 0
267 3.32 0.05 1.28107E-05 8.58658E-07 0
268 3.34 0.05 1.28085E-05 8.99014E-07 0
269 3.36 0.05 1.28031E-05 9.39787E-07 0
270 3.38 0.05 1.27974E-05 9.84469E-07 0
271 3.4 0.05 1.27894E-05 1.029317E-06 0
272 3.42 0.05 1.2781E-05 1.07892E-06 0
273 3.44 0.05 1.27583E-05 1.12484E-06 0
274 3.46 0.05 1.27522E-05 1.17852E-06 0
275 3.48 0.05 1.27407E-05 1.2367E-06 0
276 3.5 0.05 1.27255E-05 1.2948E-06 0
277 3.52 0.05 1.27098E-05 1.3585E-06 0
278 3.54 0.05 1.26912E-05 1.42288E-06 0
279 3.56 0.05 1.26668E-05 1.49846E-06 0
280 3.58 0.05 1.26458E-05 1.56737E-06 0
281 3.6 0.05 1.26247E-05 1.64387E-06 0
282 3.62 0.05 1.25975E-05 1.72222E-06 0
283 3.64 0.05 1.25698E-05 1.80536E-06 0
284 3.66 0.05 1.25394E-05 1.89708E-06 0
285 3.68 0.05 1.25054E-05 1.98952E-06 0
286 3.7 0.05 1.24697E-05 2.09312E-06 0
287 3.72 0.05 1.24303E-05 2.19625E-06 0
288 3.74 0.05 1.23868E-05 2.31668E-06 0
289 3.76 0.05 1.23423E-05 2.43453E-06 0
290 3.78 0.05 1.22879E-05 2.56766E-06 0
291 3.8 0.05 1.22334E-05 2.70188E-06 0
292 3.82 0.05 1.21752E-05 2.91068E-06 0
293 3.84 0.05 1.21071E-05 3.04056E-06 0
294 3.86 0.05 1.20092E-05 3.33722E-06 0
295 3.88 0.05 1.18974E-05 3.45091E-06 0
296 3.9 0.05 1.18672E-05 3.82032E-06 0
297 3.92 0.05 1.17266E-05 3.91496E-06 0
298 3.94 0.05 1.16301E-05 4.21748E-06 0
299 3.96 0.05 1.14747E-05 4.57797E-06 0
300 3.98 0.05 1.13284E-05 5.12618E-06 0
301 4 0.05 1.1058E-05 5.85246E-06 0
302 4 0.05 1.08231E-05 6.04734E-06 0
303 3.98 0.05 1.07371E-05 6.44575E-06 0
304 3.96 0.05 1.07177E-05 6.58786E-06 0
305 3.94 0.05 1.05945E-05 6.34996E-06 0
306 3.92 0.05 1.04821E-05 6.11619E-06 0
307 3.9 0.05 1.07171E-05 6.02002E-06 0
308 3.88 0.05 1.08249E-05 5.51202E-06 0
309 3.86 0.05 1.09265E-05 5.32385E-06 0
310 3.84 0.05 1.09596E-05 5.16781E-06 0
311 3.82 0.05 1.09815E-05 5.13077E-06 0
312 3.8 0.05 1.10669E-05 4.7492E-06 0
313 3.78 0.05 1.11885E-05 4.49625E-06 0
314 3.76 0.05 1.12439E-05 4.20625E-06 0
315 3.74 0.05 1.13181E-05 4.02372E-06 0
316 3.72 0.05 1.13558E-05 3.82223E-06 0
317 3.7 0.05 1.14137E-05 3.66592E-06 0
318 3.68 0.05 1.14798E-05 3.43413E-06 0
319 3.66 0.05 1.15078E-05 3.4017E-06 0
320 3.64 0.05 1.1513E-05 3.20536E-06 0
321 3.62 0.05 1.15516E-05 3.07515E-06 0
322 3.6 0.05 1.15749E-05 2.92177E-06 0
323 3.58 0.05 1.16196E-05 2.75453E-06 0
324 3.56 0.05 1.16773E-05 2.61928E-06 0
325 3.54 0.05 1.17101E-05 2.42541E-06 0
326 3.52 0.05 1.17647E-05 2.30638E-06 0
327 3.5 0.05 1.17885E-05 2.20932E-06 0
328 3.48 0.05 1.17978E-05 2.12137E-06 0
329 3.46 0.05 1.18111E-05 2.02412E-06 0
330 3.44 0.05 1.18171E-05 1.96186E-06 0
331 3.42 0.05 1.18152E-05 1.88921E-06 0
332 3.4 0.05 1.18219E-05 1.81176E-06 0
333 3.38 0.05 1.18584E-05 1.71162E-06 0
334 3.36 0.05 1.18733E-05 1.67568E-06 0
335 3.34 0.05 1.18673E-05 1.58823E-06 0
336 3.32 0.05 1.18849E-05 1.51591E-06 0
337 3.3 0.05 1.19131E-05 1.37244E-06 0
338 3.28 0.05 1.1914E-05 1.30971E-06 0
339 3.26 0.05 1.19175E-05 1.23638E-06 0
340 3.24 0.05 1.19219E-05 1.17747E-06 0
341 3.22 0.05 1.19212E-05 1.11618E-06 0
342 3.2 0.05 1.19213E-05 1.07435E-06 0
343 3.18 0.05 1.1912E-05 1.03383E-06 0
344 3.16 0.05 1.19045E-05 9.81305E-07 0
345 3.14 0.05 1.19008E-05 9.37441E-07 0
346 3.12 0.05 1.18946E-05 8.87618E-07 0
347 3.1 0.05 1.18906E-05 8.44542E-07 0
348 3.08 0.05 1.18823E-05 8.01768E-07 0
349 3.06 0.05 1.18787E-05 7.51277E-07 0
350 3.04 0.05 1.18698E-05 7.14866E-07 0
351 3.02 0.05 1.18588E-05 6.76909E-07 0
352 3 0.05 1.185E-05 6.4056E-07 0
353 2.98 0.05 1.18416E-05 5.96699E-07 0
354 2.96 0.05 1.183E-05 5.66656E-07 0
355 2.94 0.05 1.18157E-05 5.46573E-07 0
356 2.92 0.05 1.17993E-05 5.18503E-07 0
357 2.9 0.05 1.1785E-05 4.9506E-07 0
358 2.88 0.05 1.17675E-05 4.67822E-07 0
359 2.86 0.05 1.17538E-05 4.42796E-07 0
360 2.84 0.05 1.17359E-05 4.21234E-07 0
361 2.82 0.05 1.17191E-05 4.0656E-07 0
362 2.8 0.05 1.17027E-05 3.84877E-07 0
363 2.78 0.05 1.16816E-05 3.65397E-07 0
364 2.76 0.05 1.16631E-05 3.4812E-07 0
365 2.74 0.05 1.16403E-05 3.32311E-07 0
366 2.72 0.05 1.16213E-05 3.17403E-07 0
367 2.7 0.05 1.15992E-05 2.95492E-07 0
368 2.68 0.05 1.15787E-05 2.83002E-07 0
369 2.66 0.05 1.15535E-05 2.71924E-07 0
370 2.64 0.05 1.15347E-05 2.52925E-07 0
371 2.62 0.05 1.15103E-05 2.41609E-07 0
372 2.6 0.05 1.14888E-05 2.26429E-07 0
373 2.58 0.05 1.14677E-05 2.12058E-07 0
374 2.56 0.05 1.14417E-05 2.00008E-07 0
375 2.54 0.05 1.14169E-05 1.94235E-07 0
376 2.52 0.05 1.139E-05 1.84186E-07 0
377 2.5 0.05 1.13661E-05 1.73851E-07 0
378 2.48 0.05 1.13385E-05 1.58092E-07 0
379 2.46 0.05 1.13143E-05 1.49458E-07 0
380 2.44 0.05 1.12853E-05 1.3866E-07 0
381 2.42 0.05 1.12603E-05 1.31546E-07 0
382 2.4 0.05 1.12335E-05 1.24041E-07 0
383 2.38 0.05 1.12026E-05 1.16196E-07 0
384 2.36 0.05 1.11757E-05 1.09676E-07 0
385 2.34 0.05 1.11448E-05 1.02216E-07 0
386 2.32 0.05 1.11171E-05 9.67195E-08 0
387 2.3 0.05 1.10881E-05 9.02976E-08 0
388 2.28 0.05 1.10593E-05 8.51928E-08 0
389 2.26 0.05 1.10265E-05 7.82309E-08 0
390 2.24 0.05 1.09974E-05 7.35687E-08 0
391 2.22 0.05 1.09632E-05 6.8906E-08 0
392 2.2 0.05 1.09327E-05 6.54414E-08 0
393 2.18 0.05 1.09007E-05 6.08421E-08 0
394 2.16 0.05 1.08658E-05 5.7622E-08 0
395 2.14 0.05 1.08335E-05 5.22008E-08 0
396 2.12 0.05 1.07969E-05 4.94116E-08 0
397 2.1 0.05 1.07644E-05 4.78179E-08 0
398 2.08 0.05 1.07271E-05 4.32E-08 0
399 2.06 0.05 1.06941E-05 3.84132E-08 0
400 2.04 0.05 1.06557E-05 3.69954E-08 0
401 2.02 0.05 1.06215E-05 3.50657E-08 0
402 2 0.05 1.05849E-05 3.05228E-08 0
403 1.98 0.05 1.05455E-05 2.81202E-08 0
404 1.96 0.05 1.05095E-05 2.62751E-08 0
405 1.94 0.05 1.04689E-05 2.50511E-08 0
406 1.92 0.05 1.04315E-05 2.41629E-08 0
407 1.9 0.05 1.03897E-05 2.12797E-08 0
408 1.88 0.05 1.03518E-05 2.03859E-08 0
409 1.86 0.05 1.03088E-05 1.86551E-08 0
410 1.84 0.05 1.02695E-05 1.73789E-08 0
411 1.82 0.05 1.02254E-05 1.60069E-08 0
412 1.8 0.05 1.0185E-05 1.48583E-08 0
413 1.78 0.05 1.01439E-05 1.38008E-08 0
414 1.76 0.05 1.00973E-05 1.24015E-08 0
415 1.74 0.05 1.00555E-05 1.14501E-08 0
416 1.72 0.05 1.001884E-05 1.1159E-08 0
417 1.7 0.05 9.96951E-06 1.04793E-08 0
418 1.68 0.05 9.91946E-06 9.521E-09 0
419 1.66 0.05 9.87759E-06 8.4935E-09 0
420 1.64 0.05 9.83187E-06 7.9704E-09 0
421 1.62 0.05 9.78765E-06 7.26592E-09 0
422 1.6 0.05 9.7793E-06 6.9191E-09 0
423 1.58 0.05 9.72949E-06 6.31832E-09 0
424 1.56 0.05 9.68428E-06 5.81974E-09 0
425 1.54 0.05 9.63377E-06 5.28397E-09 0
426 1.52 0.05 9.586E-06 4.96016E-09 0
427 1.5 0.05 9.5328E-06 4.48738E-09 0
428 1.48 0.05 9.48366E-06 4.07472E-09 0
429 1.46 0.05 9.42853E-06 3.72943E-09 0
430 1.44 0.05 9.37775E-06 3.38374E-09 0
431 1.42 0.05 9.32105E-06 3.09519E-09 0
432 1.4 0.05 9.26849E-06 2.79193E-09 0
433 1.38 0.05 9.21441E-06 3.25078E-09 0
434 1.36 0.05 9.15497E-06 2.95262E-09 0
435 1.34 0.05 9.09967E-06 2.65517E-09 0
436 1.32 0.05 9.03837E-06 2.4907E-09 0
437 1.3 0.05 8.98223E-06 1.66425E-09 0
438 1.28 0.05 8.91933E-06 1.46501E-09 0
439 1.26 0.05 8.86103E-06 1.27011E-09 0
440 1.24 0.05 8.7958E-06 1.08293E-09 0
441 1.22 0.05 8.73514E-06 9.8774E-10 0
442 1.2 0.05 8.67385E-06 8.9319E-10 0
443 1.18 0.05 8.60463E-06 8.0782E-10 0
444 1.16 0.05 8.53986E-06 7.6915E-10 0
445 1.14 0.05 8.46918E-06 6.6701E-10 0
446 1.12 0.05 8.40229E-06 6.3426E-10 0
447 1.1 0.05 8.32958E-06 4.7654E-10 0
448 1.08 0.05 8.26165E-06 4.4533E-10 0
449 1.06 0.05 8.18649E-06 3.6385E-10 0
450 1.04 0.05 8.11532E-06 2.8958E-10 0
451 1.02 0.05 8.03707E-06 2.891E-10 0
452 1 0.05 7.9644E-06 2.5154E-10 0
453 0.98 0.05 7.88843E-06 2.26E-10 0
454 0.96 0.05 7.8069E-06 1.6842E-10 0
455 0.94 0.05 7.72911E-06 1.4008E-10 0
456 0.92 0.05 7.64354E-06 1.126E-10 0
457 0.9 0.05 7.56341E-06 1.0235E-10 0
458 0.88 0.05 7.47595E-06 8.489E-11 0
459 0.86 0.05 7.39244E-06 6.618E-11 0
460 0.84 0.05 7.30084E-06 5.855E-11 0
461 0.82 0.05 7.21425E-06 3.566E-11 0
462 0.8 0.05 7.12694E-06 3.196E-11 0
463 0.78 0.05 7.02976E-06 2.269E-11 0
464 0.76 0.05 6.93741E-06 1.449E-11 0
465 0.74 0.05 6.8369E-06 1.25E-12 0
466 0.72 0.05 6.74257E-06 -4.11E-12 0
467 0.7 0.05 6.63847E-06 -1.621E-11 0
468 0.68 0.05 6.53917E-06 -1.565E-11 0
469 0.66 0.05 6.43138E-06 -1.306E-11 0
470 0.64 0.05 6.32876E-06 -3.22E-12 0
471 0.62 0.05 6.21717E-06 -1.453E-11 0
472 0.6 0.05 6.10999E-06 -4.219E-11 0
473 0.58 0.05 5.99988E-06 -5.468E-11 0
474 0.56 0.05 5.88197E-06 -5.942E-11 0
475 0.54 0.05 5.76799E-06 -6.129E-11 0
476 0.52 0.05 5.64506E-06 -6.139E-11 0
477 0.5 0.05 5.52777E-06 -6.37E-11 0
478 0.48 0.05 5.40002E-06 -6.616E-11 0
479 0.46 0.05 5.27719E-06 -6.745E-11 0
480 0.44 0.05 5.14456E-06 -6.812E-11 0
481 0.42 0.05 5.01929E-06 -7.081E-11 0
482 0.4 0.05 4.88905E-06 -7.321E-11 0
483 0.38 0.05 4.74977E-06 -7.338E-11 0
484 0.36 0.05 4.61607E-06 -7.384E-11 0
485 0.34 0.05 4.47298E-06 -7.855E-11 0
486 0.32 0.05 4.33548E-06 -8.077E-11 0
487 0.3 0.05 4.18739E-06 -7.982E-11 0
488 0.28 0.05 4.04614E-06 -8.194E-11 0
489 0.26 0.05 3.89511E-06 -8.664E-11 0
490 0.24 0.05 3.75027E-06 -8.594E-11 0
491 0.22 0.05 3.5961E-06 -8.85E-11 0
492 0.2 0.05 3.44786E-06 -9.112E-11 0
493 0.18 0.05 3.29982E-06 -9.29E-11 0
494 0.16 0.05 3.1414E-06 -9.483E-11 0
495 0.14 0.05 2.99122E-06 -9.882E-11 0
496 0.12 0.05 2.83229E-06 -1.0115E-10 0
497 0.1 0.05 2.68188E-06 -1.0337E-10 0
498 0.08 0.05 2.5232E-06 -1.0866E-10 0
499 0.06 0.05 2.37249E-06 -1.1022E-10 0
500 0.04 0.05 2.21601E-06 -1.1541E-10 0
501 0.02 0.05 2.06894E-06 -1.1864E-10 0
502 0 0.05 1.92203E-06 -1.2195E-10 0
503 -0.02 0.05 1.76394E-06 -1.2845E-10 0
504 -0.04 0.05 1.6225E-06 -1.3547E-10 0
505 -0.06 0.05 1.48412E-06 -1.3988E-10 0
506 -0.08 0.05 1.34267E-06 -1.4731E-10 0
507 -0.1 0.05 1.21204E-06 -1.5707E-10 0
508 -0.12 0.05 1.07992E-06 -1.6694E-10 0
509 -0.14 0.05 9.61565E-07 -1.7242E-10 0
510 -0.16 0.05 8.38929E-07 -1.8636E-10 0
511 -0.18 0.05 7.28034E-07 -2.0249E-10 0
512 -0.2 0.05 6.19963E-07 -2.227E-10 0
513 -0.22 0.05 5.22646E-07 -2.3956E-10 0
514 -0.24 0.05 4.32315E-07 -2.6185E-10 0
515 -0.26 0.05 3.47152E-07 -2.9161E-10 0
516 -0.28 0.05 2.73256E-07 -3.1923E-10 0
517 -0.3 0.05 2.06457E-07 -3.5139E-10 0
518 -0.32 0.05 1.5121E-07 -3.8243E-10 0
519 -0.34 0.05 1.04626E-07 -4.2402E-10 0
520 -0.36 0.05 6.88426E-08 -4.4862E-10 0
521 -0.38 0.05 4.25641E-08 -4.8587E-10 0
522 -0.4 0.05 2.48978E-08 -5.1504E-10 0
523 -0.42 0.05 1.37012E-08 -5.4871E-10 0
524 -0.44 0.05 6.31301E-09 -5.2585E-10 0
525 -0.46 0.05 3.26612E-09 -5.596E-10 0
526 -0.48 0.05 1.69547E-09 -5.812E-10 0
527 -0.5 0.05 9.4242E-10 -5.654E-10 0
528 -0.52 0.05 5.8528E-10 -5.6186E-10 0
529 -0.54 0.05 3.9043E-10 -5.6403E-10 0
530 -0.56 0.05 2.4434E-10 -5.2991E-10 0
531 -0.58 0.05 1.7852E-10 -5.3709E-10 0
532 -0.6 0.05 1.3703E-10 -5.3249E-10 0
533 -0.62 0.05 1.0787E-10 -5.2802E-10 0
534 -0.64 0.05 8.901E-11 -5.1499E-10 0
535 -0.66 0.05 7.498E-11 -5.0682E-10 0
536 -0.68 0.05 6.54E-11 -4.8375E-10 0
537 -0.7 0.05 5.696E-11 -4.6263E-10 0
538 -0.72 0.05 5.073E-11 -4.4269E-10 0
539 -0.74 0.05 4.741E-11 -4.288E-10 0
540 -0.76 0.05 4.323E-11 -4.0775E-10 0
541 -0.78 0.05 4.095E-11 -3.8415E-10 0
542 -0.8 0.05 3.828E-11 -3.6528E-10 0
543 -0.82 0.05 3.736E-11 -3.4621E-10 0
544 -0.84 0.05 3.635E-11 -3.3141E-10 0
545 -0.86 0.05 3.99E-11 -3.1187E-10 0
546 -0.88 0.05 4.053E-11 -2.9895E-10 0
547 -0.9 0.05 3.952E-11 -2.8075E-10 0
548 -0.92 0.05 4.194E-11 -2.6984E-10 0
549 -0.94 0.05 4.611E-11 -2.5403E-10 0
550 -0.96 0.05 5.006E-11 -2.4462E-10 0
551 -0.98 0.05 5.324E-11 -2.3067E-10 0
552 -1 0.05 5.657E-11 -2.2086E-10 0
553 -1.02 0.05 5.912E-11 -2.1006E-10 0
554 -1.04 0.05 6.651E-11 -2.0143E-10 0
555 -1.06 0.05 7.97E-11 -1.9229E-10 0
556 -1.08 0.05 9.222E-11 -1.8384E-10 0
557 -1.1 0.05 1.0808E-10 -1.7522E-10 0
558 -1.12 0.05 1.2609E-10 -1.6765E-10 0
559 -1.14 0.05 1.4777E-10 -1.5925E-10 0
560 -1.16 0.05 1.7346E-10 -1.5584E-10 0
561 -1.18 0.05 2.0272E-10 -1.4686E-10 0
562 -1.2 0.05 2.3907E-10 -1.4165E-10 0
563 -1.22 0.05 2.9439E-10 -1.1879E-10 0
564 -1.24 0.05 3.516E-10 -1.248E-10 0
565 -1.26 0.05 4.36E-10 -1.2302E-10 0
566 -1.28 0.05 4.9192E-10 -1.2135E-10 0
567 -1.3 0.05 5.753E-10 -1.1854E-10 0
568 -1.32 0.05 6.7195E-10 -1.166E-10 0
569 -1.34 0.05 7.835E-10 -1.1348E-10 0
570 -1.36 0.05 9.3765E-10 -1.1125E-10 0
571 -1.38 0.05 1.1217E-09 -1.0818E-10 0
572 -1.4 0.05 1.31674E-09 -1.089E-10 0
573 -1.42 0.05 1.56751E-09 -1.0841E-10 0
574 -1.44 0.05 1.90765E-09 -1.0423E-10 0
575 -1.46 0.05 2.22007E-09 -1.0428E-10 0
576 -1.48 0.05 2.60682E-09 -1.0175E-10 0
577 -1.5 0.05 3.18941E-09 -1.0112E-10 0
578 -1.52 0.05 3.8858E-09 -9.692E-11 0
579 -1.54 0.05 4.69341E-09 -9.556E-11 0
580 -1.56 0.05 5.81142E-09 -9.463E-11 0
581 -1.58 0.05 7.12681E-09 -9.363E-11 0
582 -1.6 0.05 8.81648E-09 -9.015E-11 0
583 -1.62 0.05 1.03932E-08 -8.048E-11 0
584 -1.64 0.05 1.29357E-08 -8.033E-11 0
585 -1.66 0.05 1.56253E-08 -8.359E-11 0
586 -1.68 0.05 1.92719E-08 -8.309E-11 0
587 -1.7 0.05 2.33308E-08 -8.257E-11 0
588 -1.72 0.05 2.80625E-08 -8.167E-11 0
589 -1.74 0.05 3.37196E-08 -8.536E-11 0
590 -1.76 0.05 3.97902E-08 -8.165E-11 0
591 -1.78 0.05 4.71731E-08 -8.233E-11 0
592 -1.8 0.05 5.47997E-08 -8.249E-11 0
593 -1.82 0.05 6.3597E-08 -8.439E-11 0
594 -1.84 0.05 7.23101E-08 -8.213E-11 0
595 -1.86 0.05 8.23541E-08 -8.352E-11 0
596 -1.88 0.05 9.23019E-08 -8.315E-11 0
597 -1.9 0.05 1.032896E-07 -8.595E-11 0
598 -1.92 0.05 1.10247E-07 -7.933E-11 0
599 -1.94 0.05 1.21865E-07 -7.879E-11 0
600 -1.96 0.05 1.34403E-07 -8.407E-11 0
601 -1.98 0.05 1.4576E-07 -8.506E-11 0
602 -2 0.05 1.57859E-07 -8.782E-11 0
603 -2 0.5 3.4818E-06 -7.817E-11 0
604 -1.98 0.5 2.5763E-06 -5.93E-11 0
605 -1.96 0.5 2.19361E-06 -4.464E-11 0
606 -1.94 0.5 1.88547E-06 -3.652E-11 0
607 -1.92 0.5 1.6366E-06 -2.914E-11 0
608 -1.9 0.5 1.42954E-06 -2.707E-11 0
609 -1.88 0.5 1.24422E-06 -2.177E-11 0
610 -1.86 0.5 1.08655E-06 -1.918E-11 0
611 -1.84 0.5 9.45466E-07 -1.739E-11 0
612 -1.82 0.5 8.24444E-07 -1.262E-11 0
613 -1.8 0.5 7.15201E-07 -1.394E-11 0
614 -1.78 0.5 6.23477E-07 -1.055E-11 0
615 -1.76 0.5 5.37982E-07 -1.038E-11 0
616 -1.74 0.5 4.67381E-07 -6.73E-12 0
617 -1.72 0.5 4.0241E-07 -9.01E-12 0
618 -1.7 0.5 3.47646E-07 -5.3E-12 0
619 -1.68 0.5 3.00003E-07 -5.25E-12 0
620 -1.66 0.5 2.55653E-07 -5.07E-12 0
621 -1.64 0.5 2.18921E-07 -5.89E-12 0
622 -1.62 0.5 1.85391E-07 -3.9E-13 0
623 -1.6 0.5 1.5794E-07 -4.98E-12 0
624 -1.58 0.5 1.32802E-07 -2.21E-12 0
625 -1.56 0.5 1.12111E-07 -3.18E-12 0
626 -1.54 0.5 9.36682E-08 -2.36E-12 0
627 -1.52 0.5 7.8263E-08 1.04E-12 0
628 -1.5 0.5 6.50639E-08 -2.33E-12 0
629 -1.48 0.5 5.34619E-08 2.9E-13 0
630 -1.46 0.5 4.4063E-08 -8.6E-13 0
631 -1.44 0.5 3.57201E-08 2.29E-12 0
632 -1.42 0.5 2.90276E-08 -8.6E-13 0
633 -1.4 0.5 2.32085E-08 1.65E-12 0
634 -1.38 0.5 1.86188E-08 1.8E-13 0
635 -1.36 0.5 1.46687E-08 2.89E-12 0
636 -1.34 0.5 1.16451E-08 -6.2E-13 0
637 -1.32 0.5 9.1939E-09 -4.5E-13 0
638 -1.3 0.5 7.22941E-09 2.22E-12 0
639 -1.28 0.5 5.66052E-09 1.17E-12 0
640 -1.26 0.5 4.42343E-09 3.2E-12 0
641 -1.24 0.5 3.4933E-09 -2.5E-13 0
642 -1.22 0.5 2.74908E-09 5.35E-12 0
643 -1.2 0.5 2.20889E-09 2.17E-12 0
644 -1.18 0.5 1.76107E-09 3.97E-12 0
645 -1.16 0.5 1.42441E-09 1.02E-12 0
646 -1.14 0.5 1.16474E-09 5.76E-12 0
647 -1.12 0.5 9.5253E-10 3.13E-12 0
648 -1.1 0.5 7.8786E-10 2.7E-12 0
649 -1.08 0.5 6.5483E-10 2.48E-12 0
650 -1.06 0.5 5.5139E-10 2.83E-12 0
651 -1.04 0.5 4.6389E-10 2.78E-12 0
652 -1.02 0.5 3.9564E-10 3.21E-12 0
653 -1 0.5 3.35E-10 2.97E-12 0
654 -0.98 0.5 2.8716E-10 3.68E-12 0
655 -0.96 0.5 2.4784E-10 1.76E-12 0
656 -0.94 0.5 2.1251E-10 6.69E-12 0
657 -0.92 0.5 1.8408E-10 4.78E-12 0
658 -0.9 0.5 1.5868E-10 5.86E-12 0
659 -0.88 0.5 1.3748E-10 7.87E-12 0
660 -0.86 0.5 1.1876E-10 4.28E-12 0
661 -0.84 0.5 1.0375E-10 5.21E-12 0
662 -0.82 0.5 9.024E-11 7.91E-12 0
663 -0.8 0.5 7.931E-11 6.5E-12 0
664 -0.78 0.5 6.914E-11 7.92E-12 0
665 -0.76 0.5 6.08E-11 1.005E-11 0
666 -0.74 0.5 5.364E-11 6.5E-12 0
667 -0.72 0.5 4.748E-11 7.7E-12 0
668 -0.7 0.5 4.253E-11 1.065E-11 0
669 -0.68 0.5 3.829E-11 8.46E-12 0
670 -0.66 0.5 3.514E-11 1.038E-11 0
671 -0.64 0.5 3.223E-11 1.372E-11 0
672 -0.62 0.5 3.002E-11 9.57E-12 0
673 -0.6 0.5 2.829E-11 1.088E-11 0
674 -0.58 0.5 2.71E-11 1.323E-11 0
675 -0.56 0.5 2.635E-11 9.17E-12 0
676 -0.54 0.5 2.599E-11 1.222E-11 0
677 -0.52 0.5 2.626E-11 1.612E-11 0
678 -0.5 0.5 2.694E-11 1.298E-11 0
679 -0.48 0.5 2.828E-11 1.408E-11 0
680 -0.46 0.5 3.061E-11 1.802E-11 0
681 -0.44 0.5 3.36E-11 1.366E-11 0
682 -0.42 0.5 3.774E-11 1.504E-11 0
683 -0.4 0.5 4.295E-11 1.803E-11 0
684 -0.38 0.5 4.981E-11 1.519E-11 0
685 -0.36 0.5 5.912E-11 1.721E-11 0
686 -0.34 0.5 7.056E-11 2.001E-11 0
687 -0.32 0.5 8.596E-11 1.507E-11 0
688 -0.3 0.5 1.0523E-10 1.667E-11 0
689 -0.28 0.5 1.3147E-10 1.996E-11 0
690 -0.26 0.5 1.6521E-10 1.679E-11 0
691 -0.24 0.5 2.1323E-10 1.848E-11 0
692 -0.22 0.5 2.7822E-10 2.163E-11 0
693 -0.2 0.5 3.7009E-10 1.719E-11 0
694 -0.18 0.5 4.9088E-10 1.381E-11 0
695 -0.16 0.5 6.9033E-10 1.538E-11 0
696 -0.14 0.5 9.8923E-10 1.826E-11 0
697 -0.12 0.5 1.40835E-09 2.27E-11 0
698 -0.1 0.5 2.03063E-09 1.865E-11 0
699 -0.08 0.5 2.87559E-09 2.372E-11 0
700 -0.06 0.5 4.11767E-09 2.128E-11 0
701 -0.04 0.5 5.7517E-09 2.418E-11 0
702 -0.02 0.5 7.98739E-09 2.017E-11 0
703 0 0.5 1.0779E-08 1.927E-11 0
704 0.02 0.5 1.50084E-08 1.712E-11 0
705 0.04 0.5 2.04187E-08 2.46E-11 0
706 0.06 0.5 2.77206E-08 2.161E-11 0
707 0.08 0.5 3.67042E-08 2.38E-11 0
708 0.1 0.5 4.86205E-08 2.11E-11 0
709 0.12 0.5 6.30195E-08 2.602E-11 0
710 0.14 0.5 8.17562E-08 2.207E-11 0
711 0.16 0.5 1.038026E-07 2.496E-11 0
712 0.18 0.5 1.24241E-07 1.535E-11 0
713 0.2 0.5 1.58794E-07 1.646E-11 0
714 0.22 0.5 1.98755E-07 2.404E-11 0
715 0.24 0.5 2.47737E-07 2.041E-11 0
716 0.26 0.5 3.02502E-07 2.465E-11 0
717 0.28 0.5 3.69663E-07 2.319E-11 0
718 0.3 0.5 4.43401E-07 2.733E-11 0
719 0.32 0.5 5.32814E-07 2.247E-11 0
720 0.34 0.5 6.29443E-07 2.621E-11 0
721 0.36 0.5 7.45535E-07 2.5E-11 0
722 0.38 0.5 8.70079E-07 3.007E-11 0
723 0.4 0.5 1.016217E-06 2.369E-11 0
724 0.42 0.5 1.14306E-06 2.11E-11 0
725 0.44 0.5 1.32646E-06 2.459E-11 0
726 0.46 0.5 1.53198E-06 2.761E-11 0
727 0.48 0.5 1.74501E-06 2.534E-11 0
728 0.5 0.5 1.98824E-06 3.274E-11 0
729 0.52 0.5 2.24215E-06 2.979E-11 0
730 0.54 0.5 2.5303E-06 3.424E-11 0
731 0.56 0.5 2.82763E-06 3.087E-11 0
732 0.58 0.5 3.16399E-06 3.862E-11 0
733 0.6 0.5 3.50983E-06 3.656E-11 0
734 0.62 0.5 3.87957E-06 3.989E-11 0
735 0.64 0.5 4.2931E-06 3.975E-11 0
736 0.66 0.5 4.7152E-06 4.699E-11 0
737 0.68 0.5 5.18554E-06 4.546E-11 0
738 0.7 0.5 5.65765E-06 5.133E-11 0
739 0.72 0.5 6.18466E-06 5.37E-11 0
740 0.74 0.5 6.71252E-06 6.17E-11 0
741 0.76 0.5 7.29568E-06 6.115E-11 0
742 0.78 0.5 7.87953E-06 7.043E-11 0
743 0.8 0.5 8.52238E-06 7.507E-11 0
744 0.82 0.5 9.15627E-06 8.354E-11 0
745 0.84 0.5 9.81671E-06 8.581E-11 0
746 0.86 0.5 1.054532E-05 9.937E-11 0
747 0.88 0.5 1.11824E-05 1.0202E-10 0
748 0.9 0.5 1.19952E-05 1.1272E-10 0
749 0.92 0.5 1.27752E-05 1.2865E-10 0
750 0.94 0.5 1.36168E-05 1.4118E-10 0
751 0.96 0.5 1.44387E-05 1.5873E-10 0
752 0.98 0.5 1.53198E-05 1.7156E-10 0
753 1 0.5 1.61858E-05 1.9568E-10 0
754 1.02 0.5 1.70714E-05 2.1201E-10 0
755 1.04 0.5 1.8033E-05 2.3809E-10 0
756 1.06 0.5 1.89538E-05 2.5992E-10 0
757 1.08 0.5 1.99536E-05 2.9497E-10 0
758 1.1 0.5 2.09165E-05 3.218E-10 0
759 1.12 0.5 2.19563E-05 3.6052E-10 0
760 1.14 0.5 2.29613E-05 3.9833E-10 0
761 1.16 0.5 2.404E-05 4.4604E-10 0
762 1.18 0.5 2.507E-05 4.8892E-10 0
763 1.2 0.5 2.61816E-05 5.4603E-10 0
764 1.22 0.5 2.72373E-05 6.0334E-10 0
765 1.24 0.5 2.83269E-05 6.7064E-10 0
766 1.26 0.5 2.94871E-05 7.4168E-10 0
767 1.28 0.5 3.05944E-05 8.1995E-10 0
768 1.3 0.5 3.17682E-05 9.0954E-10 0
769 1.32 0.5 3.28956E-05 9.9926E-10 0
770 1.34 0.5 3.40843E-05 1.10555E-09 0
771 1.36 0.5 3.52041E-05 1.22252E-09 0
772 1.38 0.5 3.6449E-05 1.35093E-09 0
773 1.4 0.5 3.76092E-05 1.49189E-09 0
774 1.42 0.5 3.87925E-05 1.64134E-09 0
775 1.44 0.5 4.00518E-05 1.81283E-09 0
776 1.46 0.5 4.12316E-05 1.99183E-09 0
777 1.48 0.5 4.24967E-05 2.19915E-09 0
778 1.5 0.5 4.36843E-05 2.40604E-09 0
779 1.52 0.5 4.49456E-05 2.64879E-09 0
780 1.54 0.5 4.614E-05 2.90402E-09 0
781 1.56 0.5 4.73934E-05 3.18621E-09 0
782 1.58 0.5 4.85913E-05 3.48408E-09 0
783 1.6 0.5 4.9857E-05 3.81932E-09 0
784 1.62 0.5 5.10506E-05 4.16959E-09 0
785 1.64 0.5 5.22449E-05 4.5407E-09 0
786 1.66 0.5 5.35093E-05 4.9703E-09 0
787 1.68 0.5 5.46946E-05 5.40545E-09 0
788 1.7 0.5 5.57831E-05 5.73564E-09 0
789 1.72 0.5 5.66454E-05 6.15295E-09 0
790 1.74 0.5 5.771E-05 6.64675E-09 0
791 1.76 0.5 5.88737E-05 7.31103E-09 0
792 1.78 0.5 6.01696E-05 7.84995E-09 0
793 1.8 0.5 6.1155E-05 8.4605E-09 0
794 1.82 0.5 6.26484E-05 9.3007E-09 0
795 1.84 0.5 6.41146E-05 1.02454E-08 0
796 1.86 0.5 6.54695E-05 1.11609E-08 0
797 1.88 0.5 6.68266E-05 1.2179E-08 0
798 1.9 0.5 6.80604E-05 1.32012E-08 0
799 1.92 0.5 6.93492E-05 1.43404E-08 0
800 1.94 0.5 7.05175E-05 1.54885E-08 0
801 1.96 0.5 7.17462E-05 1.67734E-08 0
802 1.98 0.5 7.28673E-05 1.80492E-08 0
803 2 0.5 7.40582E-05 1.94965E-08 0
804 2.02 0.5 7.51581E-05 2.09597E-08 0
805 2.04 0.5 7.62489E-05 2.25033E-08 0
806 2.06 0.5 7.74079E-05 2.42361E-08 0
807 2.08 0.5 7.84686E-05 2.59667E-08 0
808 2.1 0.5 7.96047E-05 2.791E-08 0
809 2.12 0.5 8.06496E-05 2.98602E-08 0
810 2.14 0.5 8.17602E-05 3.20175E-08 0
811 2.16 0.5 8.27912E-05 3.42064E-08 0
812 2.18 0.5 8.38864E-05 3.66366E-08 0
813 2.2 0.5 8.49047E-05 3.90592E-08 0
814 2.22 0.5 8.59228E-05 4.1637E-08 0
815 2.24 0.5 8.70021E-05 4.44889E-08 0
816 2.26 0.5 8.80058E-05 4.7344E-08 0
817 2.28 0.5 8.90721E-05 5.0502E-08 0
818 2.3 0.5 9.00645E-05 5.3651E-08 0
819 2.32 0.5 9.11267E-05 5.71433E-08 0
820 2.34 0.5 9.21076E-05 6.06081E-08 0
821 2.36 0.5 9.31575E-05 6.44629E-08 0
822 2.38 0.5 9.41305E-05 6.82435E-08 0
823 2.4 0.5 9.51742E-05 7.24422E-08 0
824 2.42 0.5 9.61396E-05 7.65577E-08 0
825 2.44 0.5 9.71157E-05 8.08795E-08 0
826 2.46 0.5 9.81411E-05 8.5642E-08 0
827 2.48 0.5 9.90989E-05 9.02771E-08 0
828 2.5 0.5 9.99756E-05 9.41254E-08 0
829 2.52 0.5 0.0001007932 9.8186E-08 0
830 2.54 0.5 0.0001017215 1.03071E-07 0
831 2.56 0.5 0.0001027657 1.09123E-07 0
832 2.58 0.5 0.000103794 1.15443E-07 0
833 2.6 0.5 0.0001047454 1.21528E-07 0
834 2.62 0.5 0.000105685 1.27687E-07 0
835 2.64 0.5 0.0001066631 1.34393E-07 0
836 2.66 0.5 0.0001075652 1.40815E-07 0
837 2.68 0.5 0.0001085109 1.47875E-07 0
838 2.7 0.5 0.000109385 1.54653E-07 0
839 2.72 0.5 0.0001102927 1.62025E-07 0
840 2.74 0.5 0.0001111363 1.69162E-07 0
841 2.76 0.5 0.0001120053 1.76905E-07 0
842 2.78 0.5 0.0001128088 1.84426E-07 0
843 2.8 0.5 0.0001136376 1.92653E-07 0
844 2.82 0.5 0.000114268 1.99419E-07 0
845 2.84 0.5 0.000115108 2.08025E-07 0
846 2.86 0.5 0.000115863 2.17217E-07 0
847 2.88 0.5 0.000116561 2.26059E-07 0
848 2.9 0.5 0.000117271 2.35638E-07 0
849 2.92 0.5 0.000117919 2.44897E-07 0
850 2.94 0.5 0.000118581 2.55093E-07 0
851 2.96 0.5 0.000119177 2.65032E-07 0
852 2.98 0.5 0.00011979 2.76019E-07 0
853 3 0.5 0.00012034 2.86588E-07 0
854 3.02 0.5 0.000120875 2.97735E-07 0
855 3.04 0.5 0.00012141 3.10058E-07 0
856 3.06 0.5 0.000121888 3.22041E-07 0
857 3.08 0.5 0.000122378 3.3542E-07 0
858 3.1 0.5 0.000122818 3.48401E-07 0
859 3.12 0.5 0.000123261 3.62893E-07 0
860 3.14 0.5 0.000123648 3.77188E-07 0
861 3.16 0.5 0.000124051 3.92974E-07 0
862 3.18 0.5 0.000124401 4.08551E-07 0
863 3.2 0.5 0.000124759 4.26004E-07 0
864 3.22 0.5 0.000125072 4.43352E-07 0
865 3.24 0.5 0.000125373 4.6129E-07 0
866 3.26 0.5 0.000125684 4.81348E-07 0
867 3.28 0.5 0.000125952 5.01272E-07 0
868 3.3 0.5 0.000126229 5.23378E-07 0
869 3.32 0.5 0.00012647 5.45599E-07 0
870 3.34 0.5 0.000126724 5.70063E-07 0
871 3.36 0.5 0.000126938 5.94406E-07 0
872 3.38 0.5 0.000127169 6.21457E-07 0
873 3.4 0.5 0.000127363 6.4856E-07 0
874 3.42 0.5 0.000127577 6.78547E-07 0
875 3.44 0.5 0.000127752 7.0854E-07 0
876 3.46 0.5 0.000127933 7.40279E-07 0
877 3.48 0.5 0.00012812 7.75151E-07 0
878 3.5 0.5 0.000128276 8.10133E-07 0
879 3.52 0.5 0.000128451 8.48566E-07 0
880 3.54 0.5 0.000128596 8.86971E-07 0
881 3.56 0.5 0.000128762 9.29805E-07 0
882 3.58 0.5 0.000128896 9.72429E-07 0
883 3.6 0.5 0.00012905 1.019786E-06 0
884 3.62 0.5 0.000129176 1.067326E-06 0
885 3.64 0.5 0.000129304 1.116901E-06 0
886 3.66 0.5 0.000129358 1.16833E-06 0
887 3.68 0.5 0.000129494 1.22443E-06 0
888 3.7 0.5 0.000129647 1.28666E-06 0
889 3.72 0.5 0.000129767 1.34739E-06 0
890 3.74 0.5 0.000129902 1.415E-06 0
891 3.76 0.5 0.00013001 1.48338E-06 0
892 3.78 0.5 0.000130138 1.5583E-06 0
893 3.8 0.5 0.000130241 1.63546E-06 0
894 3.82 0.5 0.000130363 1.72035E-06 0
895 3.84 0.5 0.00013046 1.80717E-06 0
896 3.86 0.5 0.000130558 1.92104E-06 0
897 3.88 0.5 0.000130663 2.05588E-06 0
898 3.9 0.5 0.00013075 2.15945E-06 0
899 3.92 0.5 0.000130852 2.26711E-06 0
900 3.94 0.5 0.000130944 2.36821E-06 0
901 3.96 0.5 0.000131048 2.46856E-06 0
902 3.98 0.5 0.000131121 2.59628E-06 0
903 4 0.5 0.000131214 2.77109E-06 0
904 4 0.5 0.000130897 2.78609E-06 0
905 3.98 0.5 0.0001303 2.64601E-06 0
906 3.96 0.5 0.000129904 2.52093E-06 0
907 3.94 0.5 0.000129526 2.41068E-06 0
908 3.92 0.5 0.000129195 2.32764E-06 0
909 3.9 0.5 0.000128855 2.21132E-06 0
910 3.88 0.5 0.000128549 2.13987E-06 0
911 3.86 0.5 0.000128226 2.01242E-06 0
912 3.84 0.5 0.000127938 1.93963E-06 0
913 3.82 0.5 0.000127646 1.83288E-06 0
914 3.8 0.5 0.000127337 1.72823E-06 0
915 3.78 0.5 0.000127059 1.65046E-06 0
916 3.76 0.5 0.000126757 1.56782E-06 0
917 3.74 0.5 0.000126478 1.50074E-06 0
918 3.72 0.5 0.000126179 1.41373E-06 0
919 3.7 0.5 0.000125909 1.36052E-06 0
920 3.68 0.5 0.000125613 1.26352E-06 0
921 3.66 0.5 0.00012535 1.18172E-06 0
922 3.64 0.5 0.000125056 1.12421E-06 0
923 3.62 0.5 0.00012479 1.06652E-06 0
924 3.6 0.5 0.000124518 1.01327E-06 0
925 3.58 0.5 0.000124225 9.60662E-07 0
926 3.56 0.5 0.000123975 9.13728E-07 0
927 3.54 0.5 0.000123675 8.64673E-07 0
928 3.52 0.5 0.000123411 8.2353E-07 0
929 3.5 0.5 0.000123119 7.80052E-07 0
930 3.48 0.5 0.000122857 7.39358E-07 0
931 3.46 0.5 0.000122566 6.995E-07 0
932 3.44 0.5 0.000122305 6.62742E-07 0
933 3.42 0.5 0.000122042 6.2431E-07 0
934 3.4 0.5 0.000121752 5.89794E-07 0
935 3.38 0.5 0.000121493 5.57143E-07 0
936 3.36 0.5 0.000121203 5.26696E-07 0
937 3.34 0.5 0.000120944 4.99198E-07 0
938 3.32 0.5 0.000120658 4.72495E-07 0
939 3.3 0.5 0.000120399 4.47671E-07 0
940 3.28 0.5 0.000120113 4.23686E-07 0
941 3.26 0.5 0.000119851 4.0118E-07 0
942 3.24 0.5 0.000119562 3.75329E-07 0
943 3.22 0.5 0.000119305 3.5573E-07 0
944 3.2 0.5 0.000119039 3.36552E-07 0
945 3.18 0.5 0.000118747 3.18301E-07 0
946 3.16 0.5 0.000118486 2.99879E-07 0
947 3.14 0.5 0.000118195 2.814E-07 0
948 3.12 0.5 0.000117933 2.65467E-07 0
949 3.1 0.5 0.000117638 2.49187E-07 0
950 3.08 0.5 0.000117375 2.35285E-07 0
951 3.06 0.5 0.000117079 2.21486E-07 0
952 3.04 0.5 0.000116816 2.09381E-07 0
953 3.02 0.5 0.000116521 1.96825E-07 0
954 3 0.5 0.000116254 1.85464E-07 0
955 2.98 0.5 0.000115979 1.74836E-07 0
956 2.96 0.5 0.000115676 1.63986E-07 0
957 2.94 0.5 0.000115407 1.54718E-07 0
958 2.92 0.5 0.000115102 1.44644E-07 0
959 2.9 0.5 0.000114831 1.35415E-07 0
960 2.88 0.5 0.000114524 1.27254E-07 0
961 2.86 0.5 0.00011425 1.19687E-07 0
962 2.84 0.5 0.000113939 1.13268E-07 0
963 2.82 0.5 0.000113662 1.06558E-07 0
964 2.8 0.5 0.000113376 1.001518E-07 0
965 2.78 0.5 0.000113087 9.40254E-08 0
966 2.76 0.5 0.000112801 8.80229E-08 0
967 2.74 0.5 0.000112479 8.24614E-08 0
968 2.72 0.5 0.000112194 7.74812E-08 0
969 2.7 0.5 0.000111872 7.24275E-08 0
970 2.68 0.5 0.000111579 6.79232E-08 0
971 2.66 0.5 0.000111248 6.35221E-08 0
972 2.64 0.5 0.000110958 5.95225E-08 0
973 2.62 0.5 0.000110624 5.55081E-08 0
974 2.6 0.5 0.000110326 5.20581E-08 0
975 2.58 0.5 0.000110015 4.86628E-08 0
976 2.56 0.5 0.000109671 4.52366E-08 0
977 2.54 0.5 0.000109365 4.22696E-08 0
978 2.52 0.5 0.000109018 3.93279E-08 0
979 2.5 0.5 0.000108705 3.68381E-08 0
980 2.48 0.5 0.000108352 3.41826E-08 0
981 2.46 0.5 0.000108036 3.17984E-08 0
982 2.44 0.5 0.000107677 2.92872E-08 0
983 2.42 0.5 0.000107351 2.72915E-08 0
984 2.4 0.5 0.000107016 2.53997E-08 0
985 2.38 0.5 0.000106643 2.35109E-08 0
986 2.36 0.5 0.00010631 2.17975E-08 0
987 2.34 0.5 0.000105932 2.02644E-08 0
988 2.32 0.5 0.000105592 1.87028E-08 0
989 2.3 0.5 0.000105201 1.72829E-08 0
990 2.28 0.5 0.000104856 1.60908E-08 0
991 2.26 0.5 0.000104458 1.47902E-08 0
992 2.24 0.5 0.000104102 1.36884E-08 0
993 2.22 0.5 0.000103702 1.26268E-08 0
994 2.2 0.5 0.000103335 1.16506E-08 0
995 2.18 0.5 0.00010296 1.08093E-08 0
996 2.16 0.5 0.000102544 9.9014E-09 0
997 2.14 0.5 0.000102182 9.1642E-09 0
998 2.12 0.5 0.000101796 8.3914E-09 0
999 2.1 0.5 0.000101436 7.8045E-09 0
1000 2.08 0.5 0.000101347 7.08861E-09 0
1001 2.06 0.5 0.000100965 6.51645E-09 0
1002 2.04 0.5 0.00010054 5.941E-09 0
1003 2.02 0.5 0.000100149 5.44062E-09 0
1004 2 0.5 9.98018E-05 5.01554E-09 0
1005 1.98 0.5 9.93305E-05 4.55129E-09 0
1006 1.96 0.5 9.89124E-05 4.15257E-09 0
1007 1.94 0.5 9.84485E-05 3.77858E-09 0
1008 1.92 0.5 9.80203E-05 3.44328E-09 0
1009 1.9 0.5 9.75447E-05 3.11914E-09 0
1010 1.88 0.5 9.71035E-05 2.81632E-09 0
1011 1.86 0.5 9.66172E-05 2.52764E-09 0
1012 1.84 0.5 9.61701E-05 2.29341E-09 0
1013 1.82 0.5 9.56651E-05 2.03687E-09 0
1014 1.8 0.5 9.52022E-05 1.84685E-09 0
1015 1.78 0.5 9.4721E-05 1.66758E-09 0
1016 1.76 0.5 9.42004E-05 1.50045E-09 0
1017 1.74 0.5 9.37089E-05 1.3365E-09 0
1018 1.72 0.5 9.31752E-05 1.20445E-09 0
1019 1.7 0.5 9.26671E-05 1.08186E-09 0
1020 1.68 0.5 9.2118E-05 9.4391E-10 0
1021 1.66 0.5 9.16096E-05 8.3983E-10 0
1022 1.64 0.5 9.10334E-05 7.5015E-10 0
1023 1.62 0.5 9.04949E-05 6.6542E-10 0
1024 1.6 0.5 8.99436E-05 5.9551E-10 0
1025 1.58 0.5 8.93449E-05 5.2141E-10 0
1026 1.56 0.5 8.87806E-05 4.6823E-10 0
1027 1.54 0.5 8.818E-05 4.0992E-10 0
1028 1.52 0.5 8.75977E-05 3.6743E-10 0
1029 1.5 0.5 8.69581E-05 3.2025E-10 0
1030 1.48 0.5 8.63632E-05 2.8419E-10 0
1031 1.46 0.5 8.5713E-05 2.3857E-10 0
1032 1.44 0.5 8.50968E-05 2.155E-10 0
1033 1.42 0.5 8.44249E-05 1.7918E-10 0
1034 1.4 0.5 8.37888E-05 1.4482E-10 0
1035 1.38 0.5 8.31385E-05 1.342E-10 0
1036 1.36 0.5 8.24253E-05 1.1451E-10 0
1037 1.34 0.5 8.17661E-05 7.666E-11 0
1038 1.32 0.5 8.103E-05 4.936E-11 0
1039 1.3 0.5 8.03421E-05 3.239E-11 0
1040 1.28 0.5 7.95928E-05 2.332E-11 0
1041 1.26 0.5 7.88747E-05 1.11E-11 0
1042 1.24 0.5 7.80935E-05 9.31E-12 0
1043 1.22 0.5 7.73523E-05 -3.82E-12 0
1044 1.2 0.5 7.66064E-05 -6.59E-12 0
1045 1.18 0.5 7.5781E-05 -1.566E-11 0
1046 1.16 0.5 7.4999E-05 -1.591E-11 0
1047 1.14 0.5 7.41545E-05 -2.714E-11 0
1048 1.12 0.5 7.33423E-05 -2.572E-11 0
1049 1.1 0.5 7.24602E-05 -3.117E-11 0
1050 1.08 0.5 7.16293E-05 -3.169E-11 0
1051 1.06 0.5 7.07139E-05 -4.202E-11 0
1052 1.04 0.5 6.9846E-05 -3.54E-11 0
1053 1.02 0.5 6.89052E-05 -4.389E-11 0
1054 1 0.5 6.80032E-05 -4.316E-11 0
1055 0.98 0.5 6.70773E-05 -4.871E-11 0
1056 0.96 0.5 6.60867E-05 -4.516E-11 0
1057 0.94 0.5 6.51294E-05 -5.08E-11 0
1058 0.92 0.5 6.40869E-05 -5.027E-11 0
1059 0.9 0.5 6.31E-05 -5.387E-11 0
1060 0.88 0.5 6.20295E-05 -5.188E-11 0
1061 0.86 0.5 6.10032E-05 -5.73E-11 0
1062 0.84 0.5 5.98832E-05 -5.43E-11 0
1063 0.82 0.5 5.88263E-05 -5.915E-11 0
1064 0.8 0.5 5.77361E-05 -5.581E-11 0
1065 0.78 0.5 5.65548E-05 -6.227E-11 0
1066 0.76 0.5 5.54305E-05 -5.992E-11 0
1067 0.74 0.5 5.42065E-05 -6.487E-11 0
1068 0.72 0.5 5.30413E-05 -6.06E-11 0
1069 0.7 0.5 5.17922E-05 -6.879E-11 0
1070 0.68 0.5 5.05836E-05 -6.441E-11 0
1071 0.66 0.5 4.92822E-05 -6.895E-11 0
1072 0.64 0.5 4.80438E-05 -6.682E-11 0
1073 0.62 0.5 4.67057E-05 -7.363E-11 0
1074 0.6 0.5 4.54259E-05 -6.972E-11 0
1075 0.58 0.5 4.41189E-05 -7.34E-11 0
1076 0.56 0.5 4.27384E-05 -7.33E-11 0
1077 0.54 0.5 4.14E-05 -7.819E-11 0
1078 0.52 0.5 3.99881E-05 -7.538E-11 0
1079 0.5 0.5 3.86234E-05 -8.021E-11 0
1080 0.48 0.5 3.7177E-05 -8.123E-11 0
1081 0.46 0.5 3.57965E-05 -8.548E-11 0
1082 0.44 0.5 3.43344E-05 -8.338E-11 0
1083 0.42 0.5 3.29387E-05 -8.918E-11 0
1084 0.4 0.5 3.15302E-05 -8.929E-11 0
1085 0.38 0.5 3.0059E-05 -9.567E-11 0
1086 0.36 0.5 2.86512E-05 -9.419E-11 0
1087 0.34 0.5 2.71745E-05 -1.0315E-10 0
1088 0.32 0.5 2.57864E-05 -1.0365E-10 0
1089 0.3 0.5 2.43236E-05 -1.1124E-10 0
1090 0.28 0.5 2.29452E-05 -1.134E-10 0
1091 0.26 0.5 2.15101E-05 -1.2401E-10 0
1092 0.24 0.5 2.01659E-05 -1.2386E-10 0
1093 0.22 0.5 1.87751E-05 -1.3439E-10 0
1094 0.2 0.5 1.74661E-05 -1.362E-10 0
1095 0.18 0.5 1.61837E-05 -1.4488E-10 0
1096 0.16 0.5 1.48742E-05 -1.4768E-10 0
1097 0.14 0.5 1.36603E-05 -1.5134E-10 0
1098 0.12 0.5 1.24398E-05 -1.518E-10 0
1099 0.1 0.5 1.13108E-05 -1.589E-10 0
1100 0.08 0.5 1.01908E-05 -1.5719E-10 0
1101 0.06 0.5 9.17605E-06 -1.561E-10 0
1102 0.04 0.5 8.17373E-06 -1.5691E-10 0
1103 0.02 0.5 7.27506E-06 -1.6231E-10 0
1104 0 0.5 6.43199E-06 -1.584E-10 0
1105 -0.02 0.5 5.59241E-06 -1.6376E-10 0
1106 -0.04 0.5 4.87754E-06 -1.6367E-10 0
1107 -0.06 0.5 4.22068E-06 -1.6725E-10 0
1108 -0.08 0.5 3.59923E-06 -1.6579E-10 0
1109 -0.1 0.5 3.05847E-06 -1.7534E-10 0
1110 -0.12 0.5 2.55247E-06 -1.7694E-10 0
1111 -0.14 0.5 2.11761E-06 -1.8392E-10 0
1112 -0.16 0.5 1.72234E-06 -1.8848E-10 0
1113 -0.18 0.5 1.3876E-06 -1.9926E-10 0
1114 -0.2 0.5 1.08907E-06 -2.1057E-10 0
1115 -0.22 0.5 8.41E-07 -2.144E-10 0
1116 -0.24 0.5 6.35928E-07 -2.3436E-10 0
1117 -0.26 0.5 4.65252E-07 -2.532E-10 0
1118 -0.28 0.5 3.3315E-07 -2.7649E-10 0
1119 -0.3 0.5 2.27176E-07 -3.0084E-10 0
1120 -0.32 0.5 1.50556E-07 -3.2927E-10 0
1121 -0.34 0.5 9.31832E-08 -3.544E-10 0
1122 -0.36 0.5 5.62329E-08 -3.8487E-10 0
1123 -0.38 0.5 3.15277E-08 -4.2586E-10 0
1124 -0.4 0.5 1.70301E-08 -4.567E-10 0
1125 -0.42 0.5 7.81678E-09 -4.329E-10 0
1126 -0.44 0.5 3.90065E-09 -4.7784E-10 0
1127 -0.46 0.5 2.01567E-09 -5.0695E-10 0
1128 -0.48 0.5 1.10788E-09 -5.2921E-10 0
1129 -0.5 0.5 6.8515E-10 -5.2141E-10 0
1130 -0.52 0.5 4.8155E-10 -5.3241E-10 0
1131 -0.54 0.5 3.7611E-10 -5.4503E-10 0
1132 -0.56 0.5 3.3028E-10 -5.6165E-10 0
1133 -0.58 0.5 3.1282E-10 -5.5951E-10 0
1134 -0.6 0.5 3.1891E-10 -5.5328E-10 0
1135 -0.62 0.5 3.3322E-10 -5.4218E-10 0
1136 -0.64 0.5 3.6792E-10 -5.2391E-10 0
1137 -0.66 0.5 4.1713E-10 -5.0707E-10 0
1138 -0.68 0.5 4.9063E-10 -4.8362E-10 0
1139 -0.7 0.5 5.6967E-10 -4.6601E-10 0
1140 -0.72 0.5 6.6145E-10 -4.4322E-10 0
1141 -0.74 0.5 7.8284E-10 -4.2392E-10 0
1142 -0.76 0.5 9.2235E-10 -3.9914E-10 0
1143 -0.78 0.5 1.08123E-09 -3.8158E-10 0
1144 -0.8 0.5 1.30812E-09 -3.764E-10 0
1145 -0.82 0.5 1.54082E-09 -3.612E-10 0
1146 -0.84 0.5 1.83224E-09 -3.4744E-10 0
1147 -0.86 0.5 2.18126E-09 -3.3592E-10 0
1148 -0.88 0.5 2.62915E-09 -3.2288E-10 0
1149 -0.9 0.5 3.10055E-09 -3.105E-10 0
1150 -0.92 0.5 3.75117E-09 -2.9342E-10 0
1151 -0.94 0.5 4.41088E-09 -2.8049E-10 0
1152 -0.96 0.5 5.20395E-09 -2.6802E-10 0
1153 -0.98 0.5 6.12421E-09 -2.5711E-10 0
1154 -1 0.5 7.25515E-09 -2.4341E-10 0
1155 -1.02 0.5 8.50969E-09 -2.3423E-10 0
1156 -1.04 0.5 9.82005E-09 -2.2229E-10 0
1157 -1.06 0.5 1.14852E-08 -1.8009E-10 0
1158 -1.08 0.5 1.35549E-08 -1.7879E-10 0
1159 -1.1 0.5 1.60534E-08 -1.7905E-10 0
1160 -1.12 0.5 1.89613E-08 -1.7264E-10 0
1161 -1.14 0.5 2.25763E-08 -1.7182E-10 0
1162 -1.16 0.5 2.65184E-08 -1.629E-10 0
1163 -1.18 0.5 3.14165E-08 -1.5734E-10 0
1164 -1.2 0.5 3.7395E-08 -1.531E-10 0
1165 -1.22 0.5 4.39455E-08 -1.4916E-10 0
1166 -1.24 0.5 5.23785E-08 -1.4235E-10 0
1167 -1.26 0.5 6.15554E-08 -1.372E-10 0
1168 -1.28 0.5 7.29336E-08 -1.3194E-10 0
1169 -1.3 0.5 8.51613E-08 -1.2984E-10 0
1170 -1.32 0.5 9.9124E-08 -1.2283E-10 0
1171 -1.34 0.5 1.12374E-07 -1.0277E-10 0
1172 -1.36 0.5 1.30802E-07 -1.0512E-10 0
1173 -1.38 0.5 1.52306E-07 -1.0481E-10 0
1174 -1.4 0.5 1.75562E-07 -1.0538E-10 0
1175 -1.42 0.5 2.01897E-07 -1.0036E-10 0
1176 -1.44 0.5 2.32451E-07 -1.0172E-10 0
1177 -1.46 0.5 2.64793E-07 -9.759E-11 0
1178 -1.48 0.5 2.97308E-07 -9.766E-11 0
1179 -1.5 0.5 3.34991E-07 -9.296E-11 0
1180 -1.52 0.5 3.74017E-07 -9.35E-11 0
1181 -1.54 0.5 4.15897E-07 -8.972E-11 0
1182 -1.56 0.5 4.63608E-07 -8.927E-11 0
1183 -1.58 0.5 5.09799E-07 -8.584E-11 0
1184 -1.6 0.5 5.63776E-07 -8.89E-11 0
1185 -1.62 0.5 6.20227E-07 -8.414E-11 0
1186 -1.64 0.5 6.83823E-07 -8.457E-11 0
1187 -1.66 0.5 7.45848E-07 -8.108E-11 0
1188 -1.68 0.5 8.18355E-07 -8.513E-11 0
1189 -1.7 0.5 8.88163E-07 -8.162E-11 0
1190 -1.72 0.5 9.64812E-07 -7.987E-11 0
1191 -1.74 0.5 1.051562E-06 -7.955E-11 0
1192 -1.76 0.5 1.11866E-06 -7.681E-11 0
1193 -1.78 0.5 1.21642E-06 -7.496E-11 0
1194 -1.8 0.5 1.31191E-06 -7.881E-11 0
1195 -1.82 0.5 1.42344E-06 -7.771E-11 0
1196 -1.84 0.5 1.53023E-06 -8.005E-11 0
1197 -1.86 0.5 1.65229E-06 -7.802E-11 0
1198 -1.88 0.5 1.77756E-06 -8.221E-11 0
1199 -1.9 0.5 1.91054E-06 -8.076E-11 0
1200 -1.92 0.5 2.0438E-06 -8.428E-11 0
1201 -1.94 0.5 2.18758E-06 -8.091E-11 0
1202 -1.96 0.5 2.33806E-06 -8.616E-11 0
1203 -1.98 0.5 2.49109E-06 -8.665E-11 0
1204 -2 0.5 2.65898E-06 -9.004E-11 0
